+380954149899
+380956907396
+380991024227
+380954149899
+380504343159
+380974432037
+380976670896
+380991024227
+380504343159
+380976670896
+380956907396
+380976670896
+380509677563
+380955652556
+380954688689
+380974432037
+380506906222
+380967801536
+380954688689
+380507761432
+380953428058
+380990658235
+380508061099
+380999517705
+380507761432
+380667705503
+380502142780
+380673724184
+380667705503
+380502142780
+380673724184
+380954688689
+380988006540
+380503741894
+380953428058
+380662745895
+380638197163
+380988006540
+380503741894
+380953428058
+380503741894
+380988006540
+380504545662
+380974432037
+380966463363
+380953372277
+380990387298
+380953372277
+380502142780
+380673724184
+380997271908
+380953372277
+380966463363
+380990387298
+380977501252
+380990387298
+380661937034
+380996041451
+380956765488
+380958382637
+380953095858
+380996041451
+380996041451
+380956765488
+380956765488
+380997659527
+380954149899
+380505810258
+380660897616
+380991118600
+380985654556
+380638197163
+380930263564
+380502142780
+380673724184
+380506563444
+380968999953
+380667654079
+380506563444
+380958382637
+380662745895
+380977209047
+380685767015
+380507029673
+380957100003
+380958382637
+380970750726
+380662745895
+380954739665
+380953061126
+380975656734
+380977209047
+380969576144
+380975656734
+380994131060
+380969576144
+380953061126
+380660140115
+380969576144
+380954443100
+380505810258
+380952279561
+380953095858
+380954022403
+380954443100
+380505810258
+380953028725
+380953095858
+380508221210
+380976317127
+380503380414
+380950441870
+380950940252
+380508221210
+380506784851
+380661487344
+380999517705
+380508061099
+380636221977
+380669358006
+380502658147
+380504309333
+380950441870
+380504143339
+380503358585
+380673765366
+380661487344
+380661487344
+380976474745
+380504309333
+380673765366
+380950441870
+380508061099
+380669358006
+380990691480
+380502658147
+380957894493
+380990691480
+380660140115
+380990691480
+380958555596
+380957894493
+380683470141
+380957894566
+380508697572
+380957894493
+380678255551
+380683470141
+380683470141
+380957894566
+380957894566
+380954996824
+380669188657
+380990465369
+380669188657
+380954996824
+380954996824
+380990465369
+380669188657
+380971641094
+380662104246
+380951933589
+380951933589
+380951933589
+380951933589
+380951933589
+380951933589
+380951933589
+380951933589
+380951933589
+380951933589
+380951933589
+380951933589
+380951933589
+380976317127
+380661719556
+380972277648
+380661719556
+380987451541
+380631826843
+380984785120
+380933252618
+380950121970
+380665311195
+380504695577
+380936429849
+380502142780
+380673724184
+380663672790
+380500271538
+380663672790
+380663672790
+380660765474
+380509933974
+380509933974
+380509933974
+380677493731
+380502510524
+380502510524
+380502510524
+380990150270
+380990150270
+380950578021
+380990150270
+380950578021
+380950578021
+380505002635
+380505002635
+380984968073
+380952274598
+380990150270
+380952274598
+380970151008
+380509816157
+380954018402
+380952274598
+380669036081
+380508000356
+380957312114
+380685818132
+380509040127
+380507750508
+380660140115
+380933252618
+380660370354
+380665311195
+380976317127
+380967315721
+380990767173
+380972277648
+380967315721
+380956456435
+380954359032
+380958266250
+380966652022
+380958266250
+380966652022
+380967315721
+380631826843
+380954359032
+380936429849
+380952056607
+380993540727
+380673673834
+380990476393
+380952056607
+380990375000
+380976869616
+380990476393
+380951933589
+380951933589
+380951933589
+380951933589
+380951933589
+380951933589
+380951933589
+380951933589
+380951933589
+380662104246
+380992258258
+380665311195
+380955791866
+380500271538
+380509936800
+380958201337
+380966742997
+380951933589
+380950929697
+380950929697
+380953331546
+380507131915
+380632181158
+380639259552
+380958201337
+380979354939
+380993528563
+380993528563
+380639259552
+380958201337
+380993528563
+380979354939
+380500120833
+380500120833
+380660054465
+380660054465
+380989304051
+380660005478
+380660005478
+380660005478
+380500120833
+380952581370
+380665730185
+380665730185
+380665730185
+380990375000
+380976869616
+380508598283
+380500221274
+380500221274
+380970433965
+380970433965
+380950940252
+380937608410
+380977337474
+380950940252
+380970433965
+380956714969
+380503744840
+380503744840
+380503744840
+380503744840
+380937608400
+380505918121
+380984743051
+380954739665
+380937608400
+380937608410
+380938791998
+380503744840
+380505111180
+380938791998
+380938791998
+380954739665
+380937608400
+380937608410
+380667410265
+380667410265
+380667410265
+380993799770
+380999517705
+380990658235
+380507187191
+380933252618
+380956510869
+380993799770
+380669188970
+380669188970
+380500448289
+380949912208
+380500448289
+380509813274
+380976318613
+380984785120
+380634165688
+380951933589
+380951933589
+380951933589
+380951933589
+380951933589
+380951933589
+380951933589
+380951933589
+380951933589
+380951933589
+380951933589
+380951933589
+380951933589
+380951933589
+380951933589
+380951933589
+380951933589
+380951933589
+380660897543
+380967185474
+380664447789
+380664447789
+380664447789
+380661704419
+380950913482
+380661704419
+380995222917
+380950913482
+380950913482
+380968882832
+380958882832
+380509936800
+380500271538
+380660890802
+380995222917
+380505993178
+380502828168
+380987702340
+380502828168
+380987702340
+380509448500
+380502828168
+380987702340
+380997974136
+380663686692
+380637230571
+380503741910
+380662747024
+380968382894
+380662747024
+380968382894
+380990154273
+380509699848
+380990203203
+380660890802
+380949914468
+380953061126
+380660763739
+380992058324
+380992058324
+380954442435
+380966665110
+380992058324
+380667705503
+380966665110
+380506730132
+380995005032
+380993659392
+380666200330
+380993659392
+380993659392
+380993585927
+380502839832
+380502839832
+380666200330
+380507131915
+380990471340
+380990473673
+380506906222
+380967801536
+380956445900
+380372575658
+380990475924
+380990471340
+380990473673
+380509887174
+380506906222
+380967801536
+380990471340
+380990473673
+380990475924
+380684959343
+380509887174
+380990475924
+380966742997
+380506561085
+380987451541
+380502839832
+380996654855
+380996654855
+380672486157
+380684959343
+380957801168
+380505372044
+380949912208
+380372900208
+380967270778
+380684959343
+380995357438
+380957801168
+380949912208
+380954736499
+380505002532
+380957801168
+380995357438
+380993966401
+380990203203
+380994131015
+380982582028
+380990348280
+380444961149
+380800300800
+380444961149
+380800300800
+380500518210
+380444961149
+380800300800
+380501069305
+380500518210
+380993812295
+380505407252
+380992255182
+380958538373
+380661246503
+380500168808
+380990311202
+380666963310
+380997382122
+380508598283
+380995437586
+380665257532
+380508598283
+380997382122
+380665257630
+380995437586
+380673730117
+380997382122
+380665257532
+380508598283
+380995437586
+380665257630
+380665257532
+380665257630
+380673730117
+380673730117
+380974303524
+380674376100
+380956907396
+380660890802
+380509526036
+380990085860
+380509448500
+380632181158
+380509990206
+380979377651
+380632181158
+380509990206
+380979377651
+380966462012
+380966462012
+380507029673
+380966462012
+380660054465
+380685767015
+380990723348
+380989304051
+380505918121
+380984743051
+380505918121
+380984743051
+380989304051
+380506798396
+380660765474
+380951933589
+380957100003
+380951933589
+380951933589
+380951933589
+380951933589
+380951933589
+380951933589
+380951933589
+380951933589
+380951933589
+380951933589
+380951933589
+380951933589
+380951933589
+380951933589
+380951933589
+380951933589
+380951933589
+380951933589
+380951933589
+380951933589
+380951933589
+380951933589
+380661704419
+380959066985
+380674162054
+380959066985
+380994427189
+380959066985
+380994427189
+380994427189
+380509936800
+380506785582
+380990085860
+380990085860
+380956751529
+380956751529
+380667087446
+380502142465
+380978845293
+380508480454
+380990359758
+380508480454
+380502142465
+380508480454
+380502142465
+380995222917
+380956758586
+380930263564
+380930263564
+380993812295
+380667335919
+380993585927
+380993585927
+380630733602
+380990375000
+380976869616
+380997659527
+380997659527
+380951933589
+380951933589
+380951933589
+380951933589
+380951933589
+380951933589
+380632317700
+380951933589
+380951933589
+380632317700
+380632317700
+380502376761
+380502376761
+380504309333
+380991024227
+380951063046
+380953355367
+380509816157
+380509568105
+380509568105
+380992865647
+380992865647
+380992865647
+380992871586
+380992871586
+380992871586
+380992865676
+380992865676
+380992865676
+380992865750
+380992865750
+380992865750
+380997268083
+380979088411
+380997268083
+380979088411
+380444961149
+380800300800
+380669349248
+380669349248
+380993799770
+380669349248
+380506604898
+380951174906
+380993830005
+380637104704
+380663238233
+380673203259
+380508627857
+380508627857
+380957076524
+380508627836
+380508627836
+380991118600
+380508627836
+380933946421
+380992923035
+380972277648
+380933946421
+380933946421
+380509029333
+380509029333
+380509029333
+380660897616
+380992255289
+380660897616
+380509438381
+380507807254
+380507807254
+380507807254
+380507807254
+380507807254
+380634165688
+380665307141
+380507807254
+380665307141
+380665307141
+380660370354
+380969974178
+380660370354
+380969974178
+380661937034
+380997140571
+380997637250
+380997637250
+380997140571
+380997637250
+380997140571
+380993807107
+380993806323
+380993807107
+380993806323
+380993806323
+380993807107
+380996233466
+380996233466
+380990767173
+380990767173
+380996233466
+380967185474
+380992258258
+380960420084
+380660897543
+380509448500
+380958648139
+380958648139
+380660897543
+380953355367
+380936026052
+380675641338
+380500120796
+380936026052
+380951933589
+380502615755
+380500120796
+380500120796
+380631033232
+380661957190
+380661957190
+380995005032
+380995005032
+380957312114
+380667476204
+380508000356
+380502635467
+380970393989
+380970151008
+380509816157
+380970393989
+380970393989
+380508000356
+380503741879
+380503741879
+380503741879
+380509526036
+380978625931
+380950171563
+380503380414
+380955180404
+380955180404
+380503380414
+380958492692
+380507282331
+380950171563
+380958492692
+380956751529
+380660499456
+380992255289
+380667654079
+380992255289
+380505194628
+380958492692
+380503743920
+380503744840
+380955416144
+380503744840
+380503744840
+380955416144
+380503744840
+380994131015
+380503742044
+380663318663
+380954929939
+380685400700
+380502658147
+380663318663
+380507800167
+380507800167
+380950575556
+380663318663
+380507800167
+380950575556
+380503744840
+380507437866
+380978845293
+380508221210
+380990359758
+380978845293
+380951578966
+380989028075
+380503744840
+380503744840
+380976573266
+380503744840
+380984431802
+380976573266
+380505196764
+380984431802
+380976573266
+380509021740
+380984431802
+380505158476
+380502386549
+380953814645
+380956098871
+380954997528
+380975492816
+380506745909
+380509021740
+380953814645
+380956098871
+380954997528
+380505158476
+380975492816
+380506745909
+380975492816
+380506745909
+380509021740
+380505158476
+380956098871
+380502386549
+380953814645
+380954997528
+380665257446
+380506784851
+380993661708
+380982575399
+380993808004
+380665257446
+380665257446
+380993808004
+380665257540
+380665257540
+380993808004
+380665257540
+380506784851
+380507187191
+380503358585
+380673765366
+380503358585
+380661905885
+380661905885
+380661905885
+380951933589
+380969356050
+380967185474
+380507790260
+380635458225
+380990150270
+380997268083
+380979088411
+380508294631
+380508294631
+380958648139
+380995478333
+380990765567
+380979871718
+380995478333
+380990154273
+380994131599
+380997271908
+380505191351
+380997271908
+380994131011
+380956368536
+380956368536
+380507789643
+380953156288
+380951439096
+380951439096
+380509568105
+380686777447
+380990451200
+380979894149
+380990451200
+380979894149
+380990451200
+380979894149
+380506649143
+380954746897
+380961554324
+380990705697
+380988023802
+380667286560
+380667286560
+380973068228
+380956765578
+380973068228
+380956765578
+380973068228
+380956765578
+380952471212
+380952471212
+380663062553
+380663062553
+380444961149
+380800300800
+380444961149
+380800300800
+380444961149
+380800300800
+380444961149
+380800300800
+380679532702
+380635643710
+380957401941
+380503744840
+380444961149
+380800300800
+380507761432
+380503744840
+380952222344
+380444961149
+380800300800
+380960999449
+380994131060
+380951936553
+380966742997
+380662629910
+380444961149
+380800300800
+380995210956
+380509386830
+380995210956
+380951936553
+380995210956
+380444961149
+380800300800
+380960999449
+380662629910
+380951936553
+380509386830
+380662629910
+380509386830
+380509778767
+380677493731
+380507790260
+380665241657
+380503742504
+380508581950
+380982317700
+380957837329
+380982317700
+380507790260
+380509513607
+380982317700
+380990293929
+380665241657
+380508581950
+380957837329
+380503743920
+380503742504
+380957837329
+380503744840
+380503744840
+380663686692
+380637230571
+380975656734
+380663686692
+380637230571
+380953355367
+380990150337
+380990150337
+380990150337
+380660765474
+380500221344
+380506746769
+380506746769
+380679061166
+380953838385
+380977209047
+380957100003
+380964892720
+380679061166
+380639259552
+380953838385
+380507029673
+380679061166
+380509346140
+380953838385
+380500178143
+380997637250
+380997637250
+380990341098
+380997637250
+380956339988
+380982087858
+380990341098
+380990341098
+380956339988
+380982087858
+380956339988
+380982087858
+380951933589
+380951933589
+380951933589
+380951933589
+380951933589
+380951933589
+380951933589
+380951933589
+380951933589
+380951933589
+380951933589
+380951933589
+380951933589
+380951933589
+380951933589
+380951933589
+380951933589
+380951933589
+380951933589
+380951933589
+380951933589
+380951933589
+380951933589
+380661246503
+380950011772
+380675641338
+380970151008
+380509887174
+380505914243
+380505914243
+380507679438
+380666200330
+380507679438
+380505408449
+380668733585
+380685800424
+380668733585
+380685800424
+380668733585
+380685800424
+380951864074
+380505408449
+380966665110
+380966665110
+380966665110
+380936026052
+380675641338
+380502205599
+380502205599
+380502205599
+380951653937
+380660226002
+380932620293
+380660226002
+380973068149
+380932620293
+380973068149
+380372907170
+380949919170
+380973068149
+380505419621
+380505739623
+380372907170
+380949919170
+380505419621
+380505739623
+380504349796
+380663318692
+380663318692
+380500147030
+380372907170
+380949919170
+380506662351
+380503380763
+380507757438
+380503380763
+380954603201
+380983492004
+380668737629
+380668737629
+380992258258
+380637104704
+380668737629
+380506561085
+380505993178
+380665464900
+380665464900
+380955655693
+380961212386
+380990765567
+380979871718
+380954741333
+380503742473
+380507562003
+380669036081
+380950575556
+380956368536
+380996680218
+380668653777
+380986646777
+380986646777
+380986646777
+380955655693
+380961212386
+380662601133
+380662601133
+380502647072
+380634778208
+380502647072
+380634778208
+380951578966
+380989028075
+380502647072
+380634778208
+380955655693
+380961212386
+380951578966
+380989028075
+380958905505
+380951686203
+380951686203
+380951686203
+380995159830
+380995159830
+380995159830
+380950589488
+380950589488
+380950589488
+380500702358
+380992290047
+380507367441
+380507367441
+380507367441
+380983320223
+380667137969
+380993255468
+380509668609
+380509668609
+380958905505
+380506770047
+380506770047
+380995538004
+380995538004
+380504303334
+380504303334
+380504303334
+380964943125
+380954986050
+380954986050
+380964943125
+380964943125
+380507068437
+380508872028
+380990154549
+380508872028
+380951063046
+380990154549
+380953842302
+380971736397
+380500564875
+380663500355
+380663500355
+380507151589
+380952222344
+380663500355
+380950171563
+380676884404
+380967775898
+380958386170
+380676884404
+380505194628
+380992039909
+380992039909
+380992039909
+380960909818
+380682323222
+380939195454
+380983320223
+380636064777
+380682323222
+380682323222
+380939195454
+380636064777
+380983320223
+380958386170
+380636064777
+380509513607
+380507753799
+380931590859
+380931590876
+380636065404
+380931590876
+380671771741
+380671771741
+380507753799
+380990400479
+380931590876
+380990400479
+380664687558
+380503574939
+380992290047
+380992290047
+380954476375
+380954476375
+380502462040
+380502462040
+380502462040
+380680941034
+380509677563
+380509677563
+380999070285
+380999070285
+380999070285
+380500368008
+380953842302
+380971736397
+380953842302
+380971736397
+380979818751
+380954667983
+380979818751
+380954667983
+380979818751
+380954667983
+380661384180
+380661384180
+380661384180
+380506484544
+380506484544
+380997288667
+380500448289
+380997288667
+380506772245
+380997288667
+380506772245
+380509438603
+380509438603
+380956741649
+380509438603
+380506484544
+380994348257
+380979837867
+380506561085
+380954654653
+380956354376
+380992218781
+380993781673
+380993781673
+380993781673
+380953178503
+380953178503
+380667501211
+380953178503
+380996232002
+380667501211
+380996232002
+380996232002
+380667501211
+380661957190
+380669088411
+380956375599
+380956375599
+380956375599
+380951058371
+380951058371
+380951058371
+380665480539
+380959215962
+380959215962
+380669383571
+380990996797
+380983024181
+380983024181
+380983024181
+380508655808
+380678122189
+380677493731
+380969275893
+380990993530
+380990400479
+380502635467
+380668653777
+380660499456
+380668653777
+380660499456
+380954603201
+380983492004
+380661175895
+380954603201
+380983492004
+380508655808
+380678122189
+380950011772
+380996143010
+380503382525
+380502275161
+380509315693
+380504342155
+380504342155
+380504342155
+380509404381
+380505419621
+380505739623
+380992662128
+380990513325
+380965996247
+380665480539
+380506888016
+380990993720
+380990993720
+380990993720
+380501543779
+380509033685
+380994541007
+380993459209
+380502677137
+380977323744
+380509605251
+380674358563
+380951174906
+380992903524
+380992903524
+380955416144
+380665705468
+380957455392
+380665705468
+380665705468
+380503741910
+380955655693
+380961212386
+380503741910
+380509550783
+380509287352
+380669383571
+380970158313
+380954365059
+380509550783
+380954365059
+380970158313
+380954365059
+380977463215
+380977463215
+380992143532
+380977463215
+380992143532
+380994327223
+380992143532
+380669383571
+380994327223
+380661701500
+380662460856
+380506721949
+380959411113
+380959411113
+380665991534
+380502677137
+380977323744
+380671771741
+380500368008
+380954476375
+380663318692
+380991228095
+380991228095
+380507844331
+380661732280
+380992903524
+380686777447
+380505986153
+380686777447
+380661175895
+380661175895
+380993127271
+380507757438
+380507757438
+380500178143
+380506337590
+380509565298
+380994541007
+380509565298
+380995159570
+380995159570
+380953294022
+380501871937
+380953294022
+380950612484
+380501871937
+380501871937
+380953294022
+380950612484
+380950905538
+380979247708
+380950612484
+380950905538
+380979247708
+380994541007
+380979247708
+380959334403
+380674162054
+380668318015
+380668318015
+380668318015
+380506606446
+380663447983
+380509699848
+380954271428
+380956741649
+380956741649
+380507753799
+380503743206
+380503743206
+380503743206
+380930575763
+380661331858
+380966413256
+380661331858
+380966413256
+380661331858
+380966413256
+380509607127
+380509607127
+380954271428
+380509425422
+380509425422
+380509425422
+380664402378
+380664402378
+380664402378
+380996680218
+380958813090
+380509686466
+380660156820
+380660156820
+380990147155
+380509568105
+380502510524
+380662745895
+380996232002
+380661246503
