+380973045108
+380939549533
+380964261990
+380673232456
+380673232456
+380673232456
+380673401875
+380673232456
+380673401875
+380676731606
+380673232456
+380673401875
+380965575255
+380950766763
+380673401875
+380965575255
+380965575255
+380950766763
+380676736580
+380956367575
+380968382320
+380663063713
+380673401875
+380966688914
+380673401875
+380968382320
+380663063713
+380968382320
+380663063713
+380968382320
+380663063713
+380968382320
+380663063713
+380968382320
+380663063713
+380968382320
+380663063713
+380981992994
+380981992994
+380673247509
+380668532962
+380673247509
+380668532962
+380673247509
+380668532962
+380673247509
+380668532962
+380932219538
+380979348624
+380986029331
+380963553030
+380986029331
+380964603524
+380986029331
+380986029331
+380965575255
+380950766763
+380965575255
+380965575255
+380950766763
+380630194323
+380630194323
+380673131633
+380673131633
+380673131633
+380673131633
+380673131633
+380673131633
+380673131633
+380673131633
+380673131633
+380673131633
+380673131633
+380673131633
+380673131633
+380968382320
+380663063713
+380683840928
+380966688914
+380663063713
+380968382320
+380663063713
+380968382320
+380663063713
+380968382320
+380663063713
+380968382320
+380663063713
+380982077678
+380968382320
+380663063713
+380968382320
+380663063713
+380678489423
+380673247509
+380668532962
+380630169316
+380677852891
+380678489423
+380673247509
+380668532962
+380673247509
+380668532962
+380673247509
+380668532962
+380635952983
+380673247509
+380668532962
+380673247509
+380668532962
+380673247509
+380668532962
+380673247509
+380668532962
+380673247509
+380668532962
+380630194323
+380673247509
+380668532962
+380673247509
+380668532962
+380673247509
+380668532962
+380673247509
+380668532962
+380960810777
+380630194323
+380673247509
+380668532962
+380960810777
+380673737911
+380673247509
+380668532962
+380673247509
+380668532962
+380673737911
+380991734545
+380960810777
+380987118337
+380683166888
+380678489423
+380678489423
+380981992994
+380981992994
+380981992994
+380676714683
+380935016144
+380630194323
+380673737911
+380991734545
+380677897739
+380677897739
+380677897739
+380677897739
+380677897739
+380676736580
+380956367575
+380966085544
+380965575255
+380950766763
+380965575255
+380965575255
+380950766763
+380965575255
+380950766763
+380965575255
+380950766763
+380965575255
+380673401875
+380639038545
+380673132235
+380673132235
+380976614047
+380956953294
+380673401875
+380673401875
+380673401875
+380937234737
+380673401875
+380673401875
+380673401875
+380673401875
+380673401875
+380673401875
+380673401875
+380673401875
+380673401875
+380967175297
+380639179974
+380673737911
+380991734545
+380673737911
+380991734545
+380673737911
+380991734545
+380966131427
+380673737911
+380991734545
+380678489423
+380630194323
+380674484525
+380937150350
+380630194323
+380965575255
+380965575255
+380965575255
+380677600837
+380975100309
+380936646099
+380676700894
+380677852891
+380936859022
+380965575255
+380950766763
+380677897739
+380677897739
+380677897739
+380677897739
+380677897739
+380677897739
+380676722817
+380632036525
+380673132235
+380673132235
+380673132235
+380932725892
+380936220742
+380987350029
+380676736580
+380956367575
+380688420280
+380678489423
+380678489423
+380966511113
+380673401875
+380639037021
+380322758889
+380960810777
+380676704083
+380970012325
+380960810777
+380937276804
+380677897739
+380677897739
+380677897739
+380677897739
+380677897739
+380677897739
+380677897739
+380677897739
+380677897739
+380677897739
+380639309093
+380677852891
+380964133217
+380931191974
+380971745774
+380995519254
+380636957570
+380673132235
+380673132235
+380673132235
+380673131633
+380673131633
+380671980885
+380630194323
+380630194323
+380982034351
+380630194323
+380974174459
+380630262501
+380630194323
+380676736580
+380956367575
+380673131633
+380673131633
+380639444496
+380673737911
+380991734545
+380981992994
+380673401711
+380673401711
+380673401711
+380981992994
+380673401711
+380981992994
+380986029331
+380986029331
+380678489423
+380937420031
+380960810777
+380985226620
+380987118337
+380981992994
+380676722817
+380981992994
+380673737911
+380991734545
+380673737345
+380935767587
+380677852891
+380936859022
+380630194323
+380673737911
+380991734545
+380673737345
+380677897739
+380677897739
+380677897739
+380677897739
+380677897739
+380677897739
+380677897739
+380677897739
+380677897739
+380984360093
+380930182527
+380995505460
+380937569446
+380679912190
+380673132235
+380673132235
+380674505798
+380678489423
+380679220649
+380630194323
+380673737911
+380991734545
+380976445263
+380639626352
+380985378973
+380673247509
+380668532962
+380673247509
+380668532962
+380673247509
+380668532962
+380503332631
+380673247509
+380668532962
+380678489423
+380673247509
+380668532962
+380960810777
+380630194323
+380960810777
+380986940792
+380981992994
+380630194323
+380673737911
+380991734545
+380969392910
+380965056200
+380665397370
+380996236572
+380960360101
+380674270137
+380677897739
+380673737911
+380991734545
+380677897739
+380677897739
+380677897739
+380677897739
+380677897739
+380677897739
+380677897739
+380672848244
+380971251864
+380671500848
+380636333030
+380963596965
+380673737911
+380991734545
+380673132235
+380673132235
+380671875748
+380673737911
+380991734545
+380673131633
+380930557650
+380678489423
+380677759267
+380971273913
+380673737911
+380991734545
+380964234880
+380673737911
+380991734545
+380678489423
+380678489423
+380960810777
+380960810777
+380977002727
+380994673159
+380960810777
+380678489423
+380981992994
+380981992994
+380981992994
+380981992994
+380677897739
+380673737911
+380991734545
+380677897739
+380677897739
+380677897739
+380677897739
+380677897739
+380677897739
+380677897739
+380677897739
+380677897739
+380677897739
+380677897739
+380964172873
+380677897739
+380677897739
+380677897739
+380677897739
+380677897739
+380677897739
+380677897739
+380677897739
+380677897739
+380677897739
+380677897739
+380677897739
+380677897739
+380677897739
+380677897739
+380677897739
+380677897739
+380677897739
+380677897739
+380677897739
+380677897739
+380677897739
+380677897739
+380677897739
+380964172873
+380677897739
+380972125103
+380673737911
+380991734545
+380677897739
+380677897739
+380677897739
+380673132235
+380673132235
+380989309393
+380989309393
+380989309393
+380976500808
+380507466170
+380662150602
+380673691670
+380678489423
+380678489423
+380976500225
+380938554965
+380630194323
+380634669630
+380630194323
+380982551067
+380506751258
+380983942550
+380960810777
+380960810777
+380960810777
+380630194323
+380966511113
+380678489423
+380630194323
+380981554017
+380930817725
+380966511113
+380966511113
+380966511113
+380966511113
+380966511113
+380966511113
+380966511113
+380930817725
+380966511113
+380966511113
+380966511113
+380986192216
+380937585956
+380966511113
+380966511113
+380503332631
+380966511113
+380972189476
+380677897739
+380677897739
+380677897739
+380677897739
+380503332631
+380673737911
+380991734545
+380970256948
+380502977814
+380673132235
+380673132235
+380673132235
+380630194323
+380975100309
+380666853774
+380931944633
+380966862449
+380989309393
+380938688838
+380676736580
+380956367575
+380993341592
+380977913590
+380960810777
+380960810777
+380964981076
+380964981076
+380964981076
+380981992994
+380981992994
+380676722817
+380676722817
+380676722817
+380673707533
+380968140338
+380966511113
+380966511113
+380989309393
+380938688838
+380989309393
+380938688838
+380989309393
+380989309393
+380938688838
+380989309393
+380938688838
+380989309393
+380938688838
+380989309393
+380989309393
+380630652705
+380979663961
+380936746440
+380505166127
+380936627283
+380630350016
+380675117783
+380673401711
+380677421970
+380668706188
+380663586455
+380934384139
+380964314885
+380933733348
+380630266979
+380630718070
+380676767724
+380639290433
+380676767724
+380639290433
+380975042909
+380673444306
+380977493891
+380677737381
+380977493891
+380673999656
+380981311932
+380937474153
+380975042909
+380973776060
+380973776060
+380967708012
+380678000600
+380973710373
+380973710373
+380679066122
+380502129049
+380679066122
+380672578320
