+380633120213
+380959021290
+380974005152
+380990714724
+380936596866
+380507705047
+380633120213
+380959021290
+380974005152
+380506879585
+380638157378
+380505665758
+380633120213
+380959021290
+380974005152
+380636197406
+380950484893
+380633120213
+380959021290
+380974005152
+380964525233
+380932814544
+380677555086
+380633120213
+380959021290
+380974005152
+380932814544
+380955363481
+380977187334
+380635116630
+380633120213
+380959021290
+380974005152
+380932814544
+380932814544
+380955363481
+380977187334
+380633120213
+380959021290
+380974005152
+380665655059
+380633511048
+380958586641
+380633120213
+380959021290
+380974005152
+380958586641
+380933320428
+380679889313
+380994363502
+380673692858
+380633120213
+380959021290
+380974005152
+380633120213
+380959021290
+380974005152
+380633120213
+380959021290
+380974005152
+380503646060
+380937378114
+380963277131
+380633120213
+380959021290
+380974005152
+380662050648
+380636187010
+380669123823
+380633120213
+380959021290
+380974005152
+380505771273
+380937943512
+380669123823
+380671781698
+380669123823
+380633120213
+380959021290
+380974005152
+380633120213
+380959021290
+380974005152
+380633120213
+380959021290
+380974005152
+380633120213
+380959021290
+380974005152
+380669123823
+380633120213
+380959021290
+380974005152
+380660868665
+380665655059
+380665655059
+380635119436
+380669636546
+380635119436
+380669636546
+380503437093
+380636191333
+380667744914
+380631342515
+380976425247
+380984350027
+380630520628
+380933320428
+380679889313
+380933320428
+380679889313
+380636071399
+380933320428
+380679889313
+380994363502
+380507087891
+380980824366
+380633821112
+380960102986
+380933320428
+380679889313
+380994363502
+380633120213
+380959021290
+380974005152
+380507087891
+380980824366
+380633120213
+380959021290
+380974005152
+380503014763
+380973374097
+380933320428
+380679889313
+380994363502
+380937713173
+380997727817
+380958586641
+380677072827
+380636197406
+380950484893
+380958586641
+380937713173
+380997727817
+380958586641
+380937713173
+380997727817
+380956723367
+380503230996
+380638277352
+380507087891
+380980824366
+380970261070
+380955363481
+380977187334
+380635116630
+380636197406
+380950484893
+380955363481
+380977187334
+380635116630
+380955363481
+380977187334
+380635116630
+380930516478
+380991142493
+380675796477
+380939388318
+380957750655
+380636251109
+380665655059
+380507087891
+380980824366
+380635119436
+380669636546
+380958586641
+380958586641
+380958586641
+380500767808
+380635119436
+380669636546
+380665655059
+380679517182
+380955811576
+380665655059
+380503646060
+380937378114
+380963277131
+380933320428
+380679889313
+380994363502
+380983907447
+380685331182
+380502407783
+380632192144
+380968112811
+380931672637
+380992332125
+380502407783
+380632192144
+380933320428
+380679889313
+380994363502
+380936445202
+380978893689
+380507128112
+380933320428
+380679889313
+380994363502
+380968112811
+380931672637
+380953464586
+380506335853
+380937711779
+380975570157
+380636197406
+380950484893
+380665655059
+380679889313
+380933320428
+380937713173
+380997727817
+380937713173
+380997727817
+380635119436
+380669636546
+380974609717
+380636197406
+380950484893
+380955363481
+380977187334
+380635116630
+380990549066
+380675727867
+380973839450
+380955363481
+380977187334
+380635116630
+380661702751
+380958586641
+380956938469
+380958586641
+380503646060
+380937378114
+380963277131
+380635119436
+380669636546
+380635119436
+380669636546
+380937713173
+380997727817
+380505013716
+380672653227
+380635119436
+380669636546
+380961907431
+380509863236
+380505013716
+380672653227
+380505013716
+380672653227
+380503014763
+380973374097
+380503012150
+380633199950
+380989307419
+380685331182
+380635119436
+380669636546
+380997336239
+380932958494
+380931672637
+380992332125
+380968112811
+380931672637
+380636197406
+380950484893
+380637612236
+380962427878
+380995155544
+380666991515
+380933191515
+380635119436
+380669636546
+380635119436
+380669636546
+380937713173
+380997727817
+380963402122
+380504024124
+380664365466
+380636197406
+380950484893
+380503646060
+380937378114
+380963277131
+380958586641
+380958586641
+380955363481
+380977187334
+380635116630
+380955363481
+380977187334
+380635116630
+380955363481
+380977187334
+380635116630
+380505771273
+380937943512
+380507112010
+380637113341
+380636197406
+380950484893
+380501607155
+380937713173
+380997727817
+380635119436
+380669636546
+380958586641
+380963759111
+380958586641
+380501936846
+380936013417
+380635119436
+380669636546
+380665655059
+380937713173
+380997727817
+380635119436
+380669636546
+380665655059
+380967714188
+380668704878
+380630676393
+380980133327
+380950333327
+380935533327
+380967714188
+380668704878
+380630676393
+380968112811
+380931672637
+380967714188
+380668704878
+380630676393
+380980133327
+380950333327
+380935533327
+380968112811
+380931672637
+380951222625
+380665655059
+380665655059
+380665655059
+380665655059
+380636197406
+380950484893
+380933320428
+380679889313
+380994363502
+380635119436
+380669636546
+380937713173
+380997727817
+380937713173
+380997727817
+380955363481
+380977187334
+380635116630
+380958586641
+380958586641
+380968112811
+380931672637
+380992332125
+380677076119
+380992332125
+380931672637
+380968112811
+380931672637
+380992332125
+380635119436
+380669636546
+380937713173
+380997727817
+380937713173
+380997727817
+380955363481
+380977187334
+380635116630
+380954484840
+380635119436
+380669636546
+380958586641
+380937713173
+380997727817
+380665655059
+380635119436
+380669636546
+380935034486
+380958125618
+380955363481
+380977187334
+380635116630
+380937713173
+380997727817
+380932814544
+380635119436
+380669636546
+380937713173
+380997727817
+380932814544
+380932814544
+380932814544
+380631277538
+380684881792
+380932814544
+380958586641
+380636197406
+380950484893
+380958112885
+380937713173
+380997727817
+380635119436
+380669636546
+380968755151
+380638609403
+380999246077
+380503014763
+380973374097
+380685331182
+380503014763
+380973374097
+380635119436
+380669636546
+380635119436
+380669636546
+380635119436
+380669636546
+380635119436
+380633200906
+380688046845
+380977513927
+380968112811
+380931672637
+380992332125
+380968112811
+380931672637
+380674543280
+380635097482
+380665655059
+380958586641
+380968112811
+380931672637
+380635119436
+380669636546
+380968112811
+380931672637
+380992332125
+380635119436
+380669636546
+380505013716
+380672653227
+380505013716
+380672653227
+380939300161
+380632653227
+380505013716
+380505669077
+380638911355
+380678966730
+380666674030
+380634883811
+380502407783
+380632192144
+380502407783
+380632192144
+380639403867
+380996684022
+380932610969
+380937713173
+380997727817
+380937713173
+380997727817
+380937713173
+380997727817
+380634544554
+380955363481
+380977187334
+380635116630
+380955363481
+380977187334
+380635116630
+380502167135
+380937396012
+380984245828
+380503014763
+380973374097
+380636197406
+380950484893
+380937713173
+380997727817
+380937713173
+380997727817
+380634629381
+380976220162
+380932814544
+380932814544
+380503646060
+380937378114
+380963277131
+380930285120
+380665655059
+380968112811
+380931672637
+380992332125
+380968112811
+380931672637
+380992332125
+380931672637
+380631011009
+380635119436
+380669636546
+380937713173
+380997727817
+380635119436
+380669636546
+380505013716
+380672653227
+380505013716
+380672653227
+380958586641
+380635119436
+380669636546
+380665655059
+380977187334
+380635116630
+380937713173
+380997727817
+380635119436
+380669636546
+380950177350
+380968112811
+380931672637
+380992332125
+380968112811
+380931672637
+380992332125
+380968112811
+380931672637
+380503431139
+380939655860
+380955363481
+380977187334
+380635116630
+380955363481
+380977187334
+380635116630
+380665655059
+380665655059
+380635119436
+380669636546
+380635119436
+380669636546
+380937713173
+380997727817
+380990864007
+380979006247
+380968112811
+380931672637
+380953552540
+380635186516
+380966958968
+380669365380
+380932814544
+380932814544
+380932814544
+380677105907
+380954989377
+380933320428
+380679889313
+380994363502
+380937713173
+380997727817
+380635119436
+380669636546
+380635119436
+380669636546
+380937713173
+380997727817
+380973329752
+380505114982
+380635119436
+380669636546
+380635119436
+380669636546
+380635119436
+380669636546
+380677078618
+380932814544
+380932814544
+380937713173
+380997727817
+380932814544
+380932814544
+380933402458
+380937713173
+380997727817
+380932814544
+380955363481
+380977187334
+380635116630
+380665423952
+380633557070
+380995688942
+380953552540
+380505013716
+380672653227
+380953552540
+380505013716
+380672653227
+380953552540
+380953552540
+380669123823
+380505013716
+380672653227
+380505013716
+380672653227
+380939300161
+380672653227
+380939300161
+380505013716
+380672653227
+380939300161
+380672653227
+380505013716
+380669123823
+380669123823
+380667795488
+380937379459
+380965622507
+380668426413
+380936017730
+380505013716
+380672653227
+380505013716
+380672653227
+380505013716
+380672653227
+380965425845
+380934147211
+380502195019
+380939664330
+380933677757
+380954436915
+380934858987
+380661848068
+380661848068
+380637612236
+380962427878
+380995155544
+380680872357
+380734651740
+380503014763
+380973374097
