+380505504997
+380989486412
+380992739447
+380956502801
+380933688712
+380992266607
+380968610432
+380503001055
+380935810042
+380675763174
+380667225875
+380934088463
+380631645346
+380631645346
+380661151937
+380667225875
+380631645346
+380958051053
+380955967697
+380960444579
+380501404911
+380673064404
+380990596978
+380501404911
+380501404911
+380957187362
+380667226976
+380979841126
+380956525417
+380688032566
+380996378141
+380501404911
+380501404911
+380634108425
+380933688712
+380501404911
+380962499852
+380937590098
+380939516651
+380501404911
+380501404911
+380937616071
+380660995055
+380932071383
+380932071383
+380501404911
+380671316565
+380661290054
+380660834077
+380937618787
+380504180013
+380505681422
+380932071383
+380668039927
+380932071383
+380936023599
+380932071383
+380932071383
+380956590892
+380936023599
+380669098871
+380684251377
+380952553415
+380631645346
+380952553415
+380669098871
+380684251377
+380932071383
+380932071383
+380932071383
+380507465605
+380931420398
+380936023599
+380933688712
+380980702447
+380939854847
+380936023599
+380932071383
+380631645346
+380932071383
+380932071383
+380982728191
+380936023599
+380932071383
+380932071383
+380952478570
+380966305097
+380936023599
+380992096480
+380934768267
+380932071383
+380509150814
+380936023599
+380938653525
+380978434308
+380932071383
+380634789788
+380932071383
+380507465605
+380931420398
+380936023599
+380662924988
+380674982524
+380933677690
+380997893726
+380671316565
+380951058334
+380936023599
+380932071383
+380936023599
+380953861044
+380634789788
+380952478570
+380956590892
+380936023599
+380936023599
+380634789788
+380952478570
+380952478570
+380669098871
+380684251377
+380936023599
+380936023599
+380936023599
+380952478570
+380938437887
+380952478570
+380955086596
+380634789788
+380637428669
+380952478570
+380966305097
+380505711810
+380937664042
+380988540946
+380956382151
+380666676266
+380505711810
+380952478570
+380936023599
+380956590892
+380634789788
+380503279097
+380635120366
+380952478570
+380966305097
+380507465605
+380931420398
+380956590892
+380956590892
+380956590892
+380956590892
+380507465605
+380931420398
+380507465605
+380931420398
+380507465605
+380931420398
+380507465605
+380931420398
+380507465605
+380931420398
+380934016795
+380507465605
+380931420398
+380952553415
+380956590892
+380675465400
+380666294518
+380952478570
+380966305097
+380631645346
+380505711810
+380505711810
+380505711810
+380503279097
+380503239377
+380952478570
+380966305097
+380952478570
+380634789788
+380667226976
+380668391120
+380939051162
+380956564462
+380934016795
+380934016795
+380956590892
+380632696032
+380660834077
+380631645346
+380669098871
+380684251377
+380503279097
+380666168165
+380985673491
+380952478570
+380980171557
+380668391120
+380939051162
+380934016795
+380503038432
+380634789788
+380634789788
+380634789788
+380634789788
+380503279097
+380934016795
+380952478570
+380503279097
+380634789788
+380633461383
+380503010085
+380977897757
+380503279097
+380505711810
+380958296588
+380997119381
+380675712487
+380964461192
+380930249546
+380636733008
+380631645346
+380503279097
+380952478570
+380966305097
+380934016795
+380668391120
+380939051162
+380633461383
+380503010085
+380977897757
+380503279097
+380952478570
+380952478570
+380968610432
+380954902231
+380952478570
+380952478570
+380966305097
+380952478570
+380930249546
+380666168165
+380985673491
+380666352888
+380666714144
+380503279097
+380660906166
+380937616071
+380635697820
+380668391120
+380939051162
+380636190992
+380506331054
+380662689499
+380968610432
+380668391120
+380939051162
+380996029595
+380933688712
+380933688712
+380668391120
+380939051162
+380684891582
+380636190992
+380684171152
+380503256696
+380968610432
+380688504111
+380503256696
+380982567557
+380993041013
+380956183826
+380679396050
+380937616904
+380503256696
+380668391120
+380939051162
+380731534578
+380668391120
+380939051162
+380661386594
+380930962431
+380961732354
+380955964154
+380506823171
+380503256696
+380954950083
+380668391120
+380939051162
+380503256696
+380631645346
+380503256696
+380671316565
+380503256696
+380503256696
+380689939554
+380635059124
+380500243113
+380507087891
+380980824366
+380503256696
+380988914237
+380630446404
+380968610432
+380506823171
+380939395353
+380503256696
+380503038432
+380988914237
+380630446404
+380968610432
+380679431414
+380953288598
+380639749658
+380991464508
+380503256696
+380503256696
+380679527693
+380503256696
+380991334769
+380669600231
+380930566936
+380975356471
+380933321898
+380505764560
+380950438651
+380991273174
+380667225875
+380667225875
+380956861085
+380669600231
+380930566936
+380936290529
+380667225875
+380999281904
+380669600231
+380930566936
+380667226976
+380667226976
+380667226976
+380970190362
+380504003474
+380503256696
+380667226976
+380503256696
+380667225875
+380980028318
+380667226976
+380631645346
+380676642392
+380934768267
+380667225875
+380934768267
+380667225875
+380669098871
+380684251377
+380676642392
+380674781638
+380953907637
+380983560397
+380639328156
+380937272838
+380996358870
+380669098871
+380684251377
+380982476836
+380953907637
+380983560397
+380508548801
+380674198323
+380667225875
+380669600231
+380930566936
+380501404911
+380667225875
+380956292195
+380669098871
+380684251377
+380954283103
+380503038432
+380502750479
+380955158870
+380955158870
+380667225875
+380667225875
+380667225875
+380934768267
+380501404911
+380934768267
+380667225875
+380669600231
+380930566936
+380667225875
+380667225875
+380667225875
+380667226976
+380501404911
+380501404911
+380953907637
+380983560397
+380667225875
+380503038432
+380667226976
+380667225875
+380667225875
+380980915753
+380955158870
+380667226976
+380667225875
+380667226976
+380667225875
+380667225875
+380934062128
+380502750479
+380667225875
+380955158870
+380984453641
+380503038432
+380667226976
+380667225875
+380503038432
+380667226976
+380501404911
+380990596978
+380667225875
+380501404911
+380667225875
+380667225875
+380667225875
+380667225875
+380667225875
+380667226976
+380667226976
+380667225875
+380667226976
+380667225875
+380667225875
+380667225875
+380667226976
+380501404911
+380667225875
+380503038432
+380667226976
+380503038432
+380667225875
+380501404911
+380503038432
+380503038432
+380501404911
+380934768267
+380667225875
+380500656090
+380934522415
+380966055332
+380669098871
+380684251377
+380631645346
+380669098871
+380684251377
+380669098871
+380684251377
+380500656090
+380934522415
+380966055332
+380509316911
+380683490760
+380636377214
+380989822478
+380676642392
+380667225875
+380631645346
+380500656090
+380934522415
+380966055332
+380503574939
+380669098871
+380684251377
+380500656090
+380934522415
+380966055332
+380500656090
+380934522415
+380966055332
+380667225875
+380667226976
+380667226976
+380667226976
+380667225875
+380955158870
+380955158870
+380501404911
+380955158870
+380509316911
+380683490760
+380955158870
+380667225875
+380667226976
+380955158870
+380960701287
+380935286691
+380669098871
+380684251377
+380667225875
+380955158870
+380503038432
+380669098871
+380684251377
+380636377214
+380501404911
+380934768267
+380661918728
+380669098871
+380684251377
+380673594315
+380668640944
+380937259399
+380934088463
+380934768267
+380934088463
+380669098871
+380684251377
+380934768267
+380673594315
+380668640944
+380937259399
+380500816952
+380933115636
+380986728449
+380500816952
+380933115636
+380986728449
+380960701287
+380935286691
+380673594315
+380668640944
+380937259399
+380960701287
+380935286691
+380673594315
+380668640944
+380937259399
+380673594315
+380668640944
+380937259399
+380660397010
+380673594315
+380668640944
+380937259399
+380955444433
+380984100721
+380957844350
+380932959691
+380960108841
+380953987923
+380965098999
+380932959691
+380960108841
+380953987923
+380974536364
+380666201021
+380931335385
+380932959691
+380960108841
+380953987923
+380677928417
+380999509708
+380932959691
+380960108841
+380953987923
+380932959691
+380960108841
+380953987923
+380974536364
+380666201021
+380931335385
+380974536364
+380666201021
+380931335385
+380677975314
+380677928417
+380999509708
+380974536364
+380666201021
+380931335385
+380974536364
+380666201021
+380931335385
+380974536364
+380666201021
+380931335385
+380636389001
+380677928417
+380999509708
+380677928417
+380999509708
+380631967884
+380662157881
+380636940679
+380991847794
+380508629112
+380676824244
+380506823171
+380966809200
+380509163503
+380675882264
+380939845717
+380505422070
+380675707105
+380938065830
+380980392319
+380960157630
+380634395028
+380955490959
+380990629806
+380662294421
+380974707112
+380957702166
+380936414702
+380932947297
+380952001816
+380506647147
+380981546806
+380934201411
+380954668058
+380686056558
+380976959962
+380660212738
+380977617795
+380930775505
+380637507924
+380637507924
+380637507924
+380637507924
+380637507924
+380637507924
+380969303828
+380637507924
+380637507924
+380637507924
+380637507924
+380637507924
+380637507924
+380637507924
+380982718505
+380990641846
+380637507924
+380637507924
+380637507924
+380937924460
+380637507924
+380932978028
+380637507924
+380932978028
+380505669077
+380638911355
+380678966730
+380675400160
+380990806790
+380930511062
+380676984198
+380676984198
+380676984198
+380676984198
+380676984198
+380676984198
+380676984198
+380676984198
+380676984198
+380676984198
+380952553415
+380509568487
+380953585848
+380979877755
+380509316911
+380683490760
+380500656090
+380934522415
+380966055332
+380509316911
+380683490760
+380636389001
+380996643115
+380666199601
+380955540186
+380937590063
+380996643115
+380639193912
+380660834077
+380509316911
+380683490760
+380507087891
+380980824366
+380953585848
+380979877755
+380953585848
+380979877755
+380506335853
+380937711779
+380975570157
+380669098871
+380684251377
+380931388423
+380506335853
+380937711779
+380975570157
+380669098871
+380684251377
+380931388423
+380952553415
+380638811180
+380669098871
+380684251377
+380955577423
+380500656090
+380934522415
+380966055332
+380934768267
+380953911947
+380996643115
+380638417565
+380678011120
+380956924815
+380990596978
+380934768267
+380952553415
+380506335853
+380937711779
+380975570157
+380669098871
+380684251377
+380953911947
+380669098871
+380684251377
+380669098871
+380684251377
+380958371725
+380966937832
+380500656090
+380934522415
+380966055332
+380669098871
+380684251377
+380679332351
+380669098871
+380684251377
+380660834077
+380996643115
+380953911947
+380966750360
+380666353543
+380669098871
+380684251377
+380966750360
+380666353543
+380966750360
+380666353543
+380666353543
+380931388423
+380669098871
+380684251377
+380631645346
+380934768267
+380669098871
+380684251377
+380669098871
+380684251377
+380669098871
+380684251377
+380500656090
+380934522415
+380966055332
+380996643115
+380958756969
+380980979417
+380631645346
+380635095906
+380939426209
+380966146743
+380993049041
+380984047808
+380996643115
+380933688712
+380500656090
+380934522415
+380966055332
+380506962352
+380935501613
+380671460148
+380996643115
+380937616071
+380669098871
+380684251377
+380930249546
+380996643115
+380966750360
+380666353543
+380996643115
+380956502801
+380996643115
+380931388423
+380996643115
+380637610402
+380959064678
+380930249546
+380964385725
+380502750479
+380933688712
+380731698473
+380956502801
+380666215843
+380507465605
+380931420398
+380502296225
+380631645346
+380934768267
+380933688712
+380930249546
+380631645346
+380930527841
+380664309402
+380637507924
+380639613872
+380930249546
+380669098871
+380684251377
+380673165421
+380669098871
+380684251377
+380637809407
+380667226976
+380956502801
+380667226976
+380500656090
+380934522415
+380966055332
+380667226976
+380952553415
+380952553415
+380932900883
+380669092850
+380952553415
+380509893292
+380952553415
+380996643115
+380669098871
+380684251377
+380997065121
+380939476296
+380677123466
+380969659245
+380932993253
+380956502801
+380677928417
+380999509708
+380660834077
+380988914237
+380630446404
+380972157064
+380937616071
+380677928417
+380999509708
+380675970532
+380990681088
+380970937461
+380734829638
+380503244838
+380669159193
+380667225875
+380939194696
+380933688712
+380960063679
+380933688712
+380660834077
+380666199601
+380933688712
+380995636251
+380938050937
+380988611058
+380933688712
+380983560397
+380953907637
+380978035643
+380669098871
+380684251377
+380636389001
+380509041181
+380967816412
+380936290529
+380635944917
+380509162300
+380634789788
+380999762130
+380934088463
+380932848343
+380636109831
+380964385725
+380671316565
+380667225875
+380687973874
+380934768267
+380931388423
+380506803049
+380632273737
+380636109831
+380730207627
+380634069146
+380993413807
+380503244838
+380667226976
+380503132579
+380630587233
+380988952529
+380974457475
+380953430140
+380930249546
+380688810804
+380996643115
+380671896227
+380667225875
+380936023599
+380635920247
+380504006672
+380667226976
+380671316565
+380677928417
+380999509708
+380507407059
+380965795204
+380671316565
+380667225875
+380997301126
+380978449069
+380954267092
+380996643115
+380638056446
+380994316935
+380673939898
+380509777967
+380966268870
+380671316565
+380667225875
+380680792152
+380988914237
+380630446404
+380996643115
+380934962621
+380954568186
+380680899434
+380679785397
+380989822478
+380936023599
+380667226976
+380631645346
+380997571332
+380965987513
+380996643115
+380996643115
+380509314979
+380675761434
+380988914237
+380630446404
+380962186047
+380994700170
+380930142237
+380958092315
+380984286592
+380952553415
+380507750657
+380639243702
+380936058280
+380669098871
+380684251377
+380997782787
+380981240076
+380962186047
+380994700170
+380930142237
+380996643115
+380931421261
+380962874144
+380734658049
+380996643115
+380631645346
+380734658049
+380936058280
+380952553415
+380936058280
+380639483660
+380931421261
+380996643115
+380936058280
+380936058280
+380936058280
+380954255122
+380958092315
+380984286592
+380936058280
+380931421261
+380934088463
+380996643115
+380958819521
+380960793485
+380931421261
+380931421261
+380501330931
+380931421261
+380937180726
+380682508679
+380996643115
+380500330346
+380509316911
+380683490760
+380938458074
+380734650635
+380506246867
+380631645346
+380667225875
+380505669077
+380638911355
+380678966730
+380667225875
+380502750479
+380982002261
+380996643115
+380667226976
+380982002261
+380667225875
+380632013409
+380675739316
+380996079053
+380667225875
+380669098871
+380684251377
+380509316911
+380683490760
+380507601393
+380634108147
+380667226976
+380667226976
+380667226976
+380506246867
+380955158870
+380667226976
+380667225875
+380669098871
+380684251377
+380502750479
+380502750479
+380669098871
+380684251377
+380502750479
+380500656090
+380934522415
+380966055332
+380996643115
+380996643115
+380500656090
+380934522415
+380966055332
+380996643115
+380667226976
+380500656090
+380934522415
+380966055332
+380502750479
+380667226976
+380667226976
+380967074406
+380630664022
+380996690590
+380506246867
+380631645346
+380506246867
+380667226976
+380667225875
+380667225875
+380996643115
+380667226976
+380982002261
+380667226976
+380955158870
+380955158870
+380500656090
+380934522415
+380966055332
+380667225875
+380667225875
+380636377214
+380667226976
+380667226976
+380667226976
+380667225875
+380667226976
+380667226976
+380955158870
+380667226976
+380638874450
+380668821577
+380667225875
+380502750479
+380667225875
+380667225875
+380667225875
+380667225875
+380667226976
+380979841126
+380956525417
+380934768267
+380955158870
+380955158870
+380955158870
+380667225875
+380982002261
+380936193837
+380955158870
+380955158870
+380938737201
+380667225875
+380667226976
+380667226976
+380506246867
+380982002261
+380667226976
+380667226976
+380667225875
+380982002261
+380667225875
+380506246867
+380506246867
+380667226976
+380506246867
+380982002261
+380955158870
+380667225875
+380667226976
+380667225875
+380667226976
+380667226976
+380667226976
+380506246867
+380667226976
+380955158870
+380667226976
+380982002261
+380982002261
+380667226976
+380982002261
+380982002261
+380508714300
+380667226976
+380667226976
+380955158870
+380667225875
+380667225875
+380955158870
+380502750479
+380667225875
+380667226976
+380667225875
+380667226976
+380667226976
+380955158870
+380667226976
+380506246867
+380936193837
+380667226976
+380667226976
+380667225875
+380667226976
+380982002261
+380667226976
+380667226976
+380982002261
+380506246867
+380506246867
+380955158870
+380502750479
+380667226976
+380660547178
+380667226976
+380934873335
+380663834238
+380636831757
+380965691958
+380500816952
+380933115636
+380986728449
+380962405849
+380631474473
+380677928417
+380999509708
+380977604985
+380953936693
+380938773676
+380996674880
+380961461014
+380505664261
+380939000675
+380933272491
+380635310032
+380503035224
+380994380331
+380677536352
+380971651964
+380973781048
+380664772798
+380669573191
+380636655833
+380932900883
+380669092850
+380504028225
+380958419912
+380671529307
+380954138851
+380507498307
+380673770682
+380930284435
+380930880833
+380507465605
+380931420398
+380958092315
+380984286592
+380936058280
+380674360661
+380981900100
+380953339959
+380509030276
+380689185873
+380956564462
+380982754578
+380509316911
+380683490760
+380635060438
+380503244729
+380631389958
+380665896678
+380630176464
+380630107101
+380930265635
+380677928417
+380999509708
+380688797529
+380980581557
+380503013404
+380669098871
+380684251377
+380669098871
+380684251377
+380996643115
+380996643115
+380501814375
+380632480811
+380669098871
+380684251377
+380500656090
+380934522415
+380966055332
+380954255122
+380509316911
+380683490760
+380669098871
+380684251377
+380501432347
+380677928417
+380999509708
+380631645346
+380979300656
+380996643115
+380931388423
+380934768267
+380989822478
+380660834077
+380635936635
+380669851757
+380631645346
+380669098871
+380684251377
+380931811806
+380506273996
+380669098871
+380684251377
+380953244929
+380931388423
+380996643115
+380660834077
+380990596978
+380669098871
+380684251377
+380931388423
+380934768267
+380631645346
+380933316274
+380577528287
+380990596978
+380660834077
+380503036624
+380686008922
+380507112010
+380637113341
+380669098871
+380684251377
+380992739447
+380675719299
+380996643115
+380931388423
+380966750360
+380666353543
+380997906359
+380971487083
+380509316911
+380683490760
+380669098871
+380684251377
+380931388423
+380953255767
+380631645346
+380501700032
+380632728880
+380661253121
+380632031228
+380508134202
+380989822478
+380931388423
+380934768267
+380660834077
+380660834077
+380500656090
+380934522415
+380966055332
+380994858994
+380504006672
+380972921508
+380669098871
+380684251377
+380636129029
+380931388423
+380577558407
+380972679116
+380667226976
+380660834077
+380660834077
+380973027232
+380509316911
+380683490760
+380509316911
+380683490760
+380500656090
+380934522415
+380966055332
+380937635032
+380980977005
+380957365630
+380683315141
+380983865552
+380994858994
+380983865552
+380983865552
+380635856992
+380952553415
+380509316911
+380683490760
+380937675585
+380734821080
+380675713230
+380994858994
+380994858994
+380675713230
+380994858994
+380994858994
+380667225875
+380664359445
+380669147827
+380637610468
+380994858994
+380662406635
+380994858994
+380994858994
+380663757125
+380961717430
+380667225875
+380994858994
+380994858994
+380994858994
+380994858994
+380994858994
+380503244729
+380994858994
+380994858994
+380504252949
+380503244838
+380994858994
+380989822478
+380994858994
+380963804861
+380671316565
+380505177792
+380939877007
+380994858994
+380994858994
+380671316565
+380938503933
+380989822478
+380956319374
+380506047127
+380954419690
+380631645346
+380509316911
+380683490760
+380660834077
+380669098871
+380684251377
+380667226976
+380671316565
+380931201540
+380968081805
+380989822478
+380669098871
+380684251377
+380667226976
+380667225875
+380669098871
+380684251377
+380680895012
+380660834077
+380671316565
+380509316911
+380683490760
+380667226976
+380503021428
+380671399557
+380505866903
+380677226360
+380990675802
+380667225875
+380960308537
+380667225875
+380667226976
+380960308537
+380960308537
+380667225875
+380960308537
+380969670147
+380660710491
+380952415954
+380680132779
+380631645346
+380504180013
+380937618787
+380952553415
+380660834077
+380952553415
+380960308537
+380509316911
+380683490760
+380989822478
+380939381833
+380675835752
+380996603319
+380503002444
+380953288598
+380637610916
+380996603319
+380996603319
+380952553415
+380996603319
+380952553415
+380996603319
+380996603319
+380996603319
+380996603319
+380996603319
+380996603319
+380636389001
+380996603319
+380636389001
+380671316565
+380958803037
+380507214772
+380979841126
+380956525417
+380956525417
+380979841126
+380979841126
+380956525417
+380979841126
+380956525417
+380505295435
+380962874144
+380734658049
+380637606031
+380634701244
+380631645346
+380505669077
+380638911355
+380678966730
+380660834077
+380954255122
+380931421261
+380507601393
+380634108147
+380636377214
+380932959691
+380960108841
+380953987923
+380962874144
+380734658049
+380505669077
+380638911355
+380678966730
+380505669077
+380638911355
+380678966730
+380932959691
+380960108841
+380953987923
+380636377214
+380669098871
+380684251377
+380669098871
+380684251377
+380931421261
+380990596978
+380965173199
+380635184272
+380934016795
+380976934642
+380962874144
+380734658049
+380669098871
+380684251377
+380667961156
+380939560773
+380667225875
+380669098871
+380684251377
+380667225875
+380577507570
+380953288598
+380989822478
+380667226976
+380667225875
+380509316911
+380683490760
+380509316911
+380683490760
+380667225875
+380509316911
+380683490760
+380667226976
+380667226976
+380667226976
+380667225875
+380667226976
+380667226976
+380667225875
+380667226976
+380667225875
+380667225875
+380669098871
+380684251377
+380667226976
+380667226976
+380667225875
+380673594315
+380668640944
+380937259399
+380667225875
+380932185182
+380964758095
+380509567072
+380974580819
+380505266146
+380954197976
+380635117317
+380667226976
+380667226976
+380667225875
+380663650231
+380675770966
+380953419566
+380663650651
+380675770966
+380506959578
+380964264935
+380675770966
+380953419566
+380974536364
+380666201021
+380931335385
+380994048254
+380637613237
+380974536364
+380666201021
+380931335385
+380974536364
+380666201021
+380931335385
+380974536364
+380666201021
+380931335385
+380974536364
+380666201021
+380931335385
+380974536364
+380666201021
+380931335385
+380685331182
+380974536364
+380666201021
+380931335385
+380506918911
+380960064300
+380689876380
+380971460780
+380930961961
+380636082071
+380504006672
+380504006672
+380979841126
+380956525417
+380932978028
+380503244838
+380672587444
+380506360163
+380935775779
+380975126120
+380503244838
+380667706370
+380932978028
+380501378520
+380966147524
+380979841126
+380956525417
+380967846675
+380669346493
+380936436377
+380958092315
+380984286592
+380979841126
+380956525417
+380979841126
+380956525417
+380630330980
+380958831773
+380673852418
+380938305331
+380634597474
+380636159388
+380982976393
+380956992669
+380730276305
+380932978028
+380959087081
+380508379098
+380956943410
+380996644016
+380982833314
+380939495550
+380509851416
+380505548064
+380938208979
+380962872494
+380675705930
+380932959691
+380960108841
+380953987923
+380970929133
+380972999473
+380999445605
+380953288598
+380997412923
+380677928417
+380999509708
+380507465605
+380931420398
+380660834077
+380500656090
+380934522415
+380966055332
+380509316911
+380683490760
+380996643115
+380996643115
+380662897622
+380996643115
+380989136272
+380996652112
+380502750479
+380631645346
+380667226976
+380667226976
+380660834077
+380996643115
+380983545651
+380671316565
+380952553415
+380979538584
+380502750479
+380996643115
+380631645346
+380934768267
+380667226976
+380671269713
+380952553415
+380639663132
+380995636251
+380989822478
+380976649308
+380667226976
+380996630396
+380969210518
+380635709282
+380952553415
+380952553415
+380734750805
+380667226976
+380976649308
+380989822478
+380664613216
+380507530088
+380953634701
+380671321315
+380955158870
+380973865589
+380635653194
+380665653194
+380669098871
+380684251377
+380667226976
+380636037867
+380667225875
+380996643115
+380931217653
+380683135050
+380669098871
+380684251377
+380667226976
+380671316565
+380635183366
+380934768267
+380996643115
+380669098871
+380684251377
+380669274798
+380967063821
+380934768267
+380950413650
+380509316911
+380683490760
+380966750360
+380666353543
+380667226976
+380500656090
+380934522415
+380966055332
+380660834077
+380660834077
+380669098871
+380684251377
+380667225875
+380660435852
+380669098871
+380684251377
+380954965056
+380667225875
+380683171793
+380660834077
+380667226976
+380500656090
+380934522415
+380966055332
+380631645346
+380671316565
+380667226976
+380667226976
+380932030594
+380500656090
+380934522415
+380966055332
+380933344116
+380957587904
+380667226976
+380955158870
+380966750360
+380666353543
+380961134177
+380500656090
+380934522415
+380966055332
+380667226976
+380632184404
+380679593206
+380966750360
+380666353543
+380502750479
+380667243917
+380667243917
+380507112010
+380637113341
+380503859192
+380930381838
+380680899294
+380634593469
+380675846101
+380505669077
+380638911355
+380678966730
+380939321098
+380990898121
+380667225875
+380502750479
+380634146717
+380988499792
+380509776001
+380509298448
+380667225875
+380938793636
+380667225875
+380938510248
+380636937588
+380635184509
+380502750479
+380667225875
+380667225875
+380660834077
+380957739978
+380686120375
+380667225875
+380932978028
+380667226976
+380675795482
+380667225875
+380985901417
+380667225875
+380667225875
+380505669077
+380638911355
+380678966730
+380500656090
+380934522415
+380966055332
+380505669077
+380638911355
+380678966730
+380936023599
+380500656090
+380934522415
+380966055332
+380631645346
+380639244845
+380500656090
+380934522415
+380966055332
+380636389001
+380996643115
+380667225875
+380500656090
+380934522415
+380966055332
+380990732407
+380935839975
+380638898480
+380633137110
+380999429353
+380507087891
+380980824366
+380953288598
+380992000252
+380660032095
+380668391120
+380939051162
+380668391120
+380939051162
+380667225875
+380932978028
+380955399821
+380668391120
+380939051162
+380668391120
+380939051162
+380996643115
+380660834077
+380989822478
+380996020605
+380677715367
+380937746626
+380933081518
+380660834077
+380667225875
+380630110293
+380987777756
+380660834077
+380631645346
+380509316911
+380683490760
+380500656090
+380934522415
+380966055332
+380500656090
+380934522415
+380966055332
+380506883405
+380509316911
+380683490760
+380509316911
+380683490760
+380509316911
+380683490760
+380631645346
+380631645346
+380679131507
+380996643115
+380934768267
+380660834077
+380500656090
+380934522415
+380966055332
+380669098871
+380684251377
+380500656090
+380934522415
+380966055332
+380934768267
+380675744059
+380509316911
+380683490760
+380679131507
+380509316911
+380683490760
+380662082083
+380679131507
+380666993390
+380577595483
+380660834077
+380500656090
+380934522415
+380966055332
+380509316911
+380683490760
+380500656090
+380934522415
+380966055332
+380999523788
+380931421261
+380660834077
+380509343937
+380936430817
+380956999095
+380509316911
+380683490760
+380934768267
+380660834077
+380509316911
+380683490760
+380631645346
+380509316911
+380683490760
+380509316911
+380683490760
+380996643115
+380509316911
+380683490760
+380669098871
+380684251377
+380667225875
+380667226976
+380660834077
+380660834077
+380509316911
+380683490760
+380669098871
+380684251377
+380955158870
+380509316911
+380683490760
+380660834077
+380669098871
+380684251377
+380955158870
+380677777307
+380667225875
+380669098871
+380684251377
+380509316911
+380683490760
+380667226976
+380667225875
+380667226976
+380667226976
+380667225875
+380955158870
+380667225875
+380667225875
+380667225875
+380667226976
+380667225875
+380509316911
+380683490760
+380667225875
+380509316911
+380683490760
+380955158870
+380955158870
+380667225875
+380667226976
+380667225875
+380502750479
+380667225875
+380667225875
+380667225875
+380667226976
+380667225875
+380667226976
+380955158870
+380667225875
+380667226976
+380970373744
+380955158870
+380955158870
+380667226976
+380667225875
+380955158870
+380667225875
+380667225875
+380502750479
+380667225875
+380667225875
+380667226976
+380667226976
+380667226976
+380667225875
+380667225875
+380667226976
+380667226976
+380675739317
+380667225875
+380667225875
+380667225875
+380667225875
+380667225875
+380667225875
+380667225875
+380667225875
+380667225875
+380631645346
+380955158870
+380667226976
+380667225875
+380667226976
+380667226976
+380667225875
+380667226976
+380967714188
+380668704878
+380630676393
+380967714188
+380668704878
+380630676393
+380660834077
+380667225875
+380502750479
+380667226976
+380967714188
+380668704878
+380630676393
+380667226976
+380667226976
+380667225875
+380502750479
+380667225875
+380667225875
+380660834077
+380667226976
+380955158870
+380955158870
+380955211362
+380667225875
+380667225875
+380955158870
+380667226976
+380667225875
+380955211362
+380667225875
+380667225875
+380955158870
+380667226976
+380667225875
+380667225875
+380636377214
+380667225875
+380974536364
+380666201021
+380931335385
+380667225875
+380636377214
+380983838509
+380636377214
+380636377214
+380974536364
+380666201021
+380931335385
+380967714188
+380668704878
+380630676393
+380634929152
+380577595483
+380930442028
+380999492017
+380982819837
+380639475389
+380999592517
+380680642253
+380958073361
+380930729733
+380669497776
+380506786300
+380934888269
+380638576082
+380960641137
+380997673079
+380961408464
+380506872060
+380636186660
+380660482870
+380986426586
+380973789890
+380633772240
+380688517528
+380989880724
+380996456382
+380503231724
+380931282694
+380680909616
+380993290097
+380577507570
+380953288598
+380980581557
+380953288598
+380677928417
+380999509708
+380989880724
+380996456382
+380503231724
+380931282694
+380680909616
+380993290097
+380577507570
+380953288598
+380980581557
+380953288598
+380677928417
+380999509708
+380987880860
+380987921849
+380632454180
+380660190102
+380966215704
+380930045046
+380979841126
+380956525417
+380979841126
+380956525417
+380508860701
+380979841126
+380956525417
+380979841126
+380956525417
+380506217591
+380637188266
+380964385725
+380968024169
+380677772977
+380954409101
+380686224559
+380954427266
+380953288598
+380997012611
+380633241203
+380960308537
+380960308537
+380967714188
+380668704878
+380630676393
+380977152602
+380667225875
+380953045569
+380667225875
+380962037088
+380976267651
+380506321044
+380964865418
+380664956430
+380677193445
+380638813218
+380688597283
+380990153267
+380677957065
+380507191923
+380636508688
+380630715014
+380953750757
+380635865194
+380673594315
+380668640944
+380937259399
+380676261540
+380939556108
+380963950502
+380968295238
+380997693528
+380661164791
+380989206065
+380990777258
+380954505007
+380965480173
+380677900075
+380992524194
+380506310580
+380638034484
+380509736251
+380634597474
+380955172324
+380634195448
+380634195448
+380660547178
+380999578821
+380634195448
+380636389001
+380636389001
+380631134464
+380636389001
+380636389001
+380955158870
+380984115891
+380964385725
+380505711810
+380964385725
+380505711810
+380505711810
+380964865418
+380506321044
+380505711810
+380939702701
+380950062992
+380956929086
+380997730865
+380637610793
+380952553415
+380952553415
+380502750479
+380939607090
+380934646217
+380634563190
+380952553415
+380955158870
+380955158870
+380502750479
+380665423643
+380977176005
+380502750479
+380979618347
+380955549774
+380996636774
+380502750479
+380671933074
+380955158870
+380974526944
+380954255122
+380955158870
+380993174325
+380932867315
+380668391120
+380939051162
+380955158870
+380577517374
+380676642392
+380974526944
+380932867315
+380932867315
+380939051162
+380668391120
+380939051162
+380634195448
+380676642392
+380634195448
+380932867315
+380932867315
+380939051162
+380668391120
+380939051162
+380634195448
+380676642392
+380634195448
+380634195448
+380634195448
+380634195448
+380634195448
+380634195448
+380634195448
+380932900883
+380669092850
+380676642392
+380634195448
+380634195448
+380634195448
+380676642392
+380932867315
+380634195448
+380505669077
+380638911355
+380678966730
+380660060965
+380671316565
+380634195448
+380634195448
+380960308537
+380667226976
+380507530820
+380667225875
+380667226976
+380667225875
+380667225875
+380667226976
+380667225875
+380667226976
+380667225875
+380667225875
+380667225875
+380952553415
+380667225875
+380500656090
+380934522415
+380966055332
+380664604212
+380937107721
+380667226976
+380505669077
+380638911355
+380678966730
+380980803316
+380505669077
+380638911355
+380678966730
+380505669077
+380638911355
+380678966730
+380667225875
+380667225875
+380667226976
+380667226976
+380667225875
+380667225875
+380667225875
+380667226976
+380667226976
+380667225875
+380667225875
+380667225875
+380667226976
+380667226976
+380931439029
+380664785747
+380501588245
+380990574567
+380934805965
+380677928417
+380999509708
+380637611914
+380663364277
+380985668224
+380932552951
+380994304320
+380639314660
+380672344110
+380981711111
+380687973874
+380951807373
+380967714188
+380668704878
+380630676393
+380636891120
+380509693757
+380577507570
+380953288598
+380668676115
+380630330980
+380958831773
+380677928417
+380999509708
+380577507570
+380953288598
+380997888872
+380934582387
+380975106533
+380667243917
+380667243917
+380667243917
+380636045721
+380970374859
+380950683720
+380667243917
+380631645346
+380500656090
+380934522415
+380966055332
+380667243917
+380679909614
+380667243917
+380500656090
+380934522415
+380674072183
+380975912050
+380509316911
+380683490760
+380952553415
+380989822478
+380506883982
+380637610468
+380669147827
+380996643115
+380660834077
+380989822478
+380506203686
+380633278607
+380983313979
+380997999125
+380667225875
+380997730865
+380637610793
+380669098871
+380684251377
+380990936227
+380960092289
+380662429426
+380990835644
+380504252949
+380990936227
+380960092289
+380952990237
+380668725554
+380503279097
+380675881376
+380635264908
+380660834077
+380997893726
+380503244729
+380509316911
+380683490760
+380500656090
+380966055332
+380667225875
+380502750479
+380677928417
+380999509708
+380734658049
+380989822478
+380931421261
+380671316565
+380979841126
+380956525417
+380931421261
+380671316565
+380669098871
+380684251377
+380934768267
+380661922987
+380973193330
+380508400794
+380731320394
+380671316565
+380955158870
+380996643115
+380669098871
+380684251377
+380671316565
+380667226976
+380509316911
+380683490760
+380631224257
+380678900828
+380667225875
+380636861836
+380503230550
+380952553415
+380955158870
+380667226976
+380952553415
+380952553415
+380667225875
+380502824462
+380683318107
+380989822478
+380639821978
+380636028514
+380978444068
+380952553415
+380631645346
+380934768267
+380960888650
+380934768267
+380500656090
+380934522415
+380966055332
+380502750479
+380953492619
+380500656090
+380934522415
+380966055332
+380734438079
+380989822478
+380509316911
+380683490760
+380669098871
+380684251377
+380502750479
+380667225875
+380962186047
+380952553415
+380667225875
+380994700170
+380989822478
+380952553415
+380989822478
+380931421261
+380638806738
+380667226976
+380667225875
+380996119164
+380501588245
+380667225875
+380506802845
+380967307181
+380996643115
+380631645346
+380509316911
+380683490760
+380660834077
+380505766259
+380979303588
+380669098871
+380684251377
+380660547178
+380502750479
+380936786033
+380996643115
+380669098871
+380684251377
+380637247749
+380509316911
+380683490760
+380669098871
+380684251377
+380630302801
+380675142801
+380631645346
+380669098871
+380684251377
+380660834077
+380934768267
+380997571332
+380965987513
+380996643115
+380503019597
+380667517641
+380668391120
+380939051162
+380509316911
+380683490760
+380996643115
+380668391120
+380939051162
+380636109831
+380668391120
+380939051162
+380668501180
+380671904122
+380957726139
+380676824244
+380509316911
+380683490760
+380973524377
+380990866867
+380506823171
+380955158870
+380667226976
+380667225875
+380667226976
+380667225875
+380667226976
+380667226976
+380667226976
+380955158870
+380955158870
+380667226976
+380667225875
+380667226976
+380955158870
+380667225875
+380955158870
+380667225875
+380667226976
+380667226976
+380667226976
+380955158870
+380667225875
+380996643115
+380955158870
+380665557359
+380955158870
+380667225875
+380667226976
+380667226976
+380660834077
+380955158870
+380955158870
+380660834077
+380955158870
+380667226976
+380955158870
+380667225875
+380667225875
+380955158870
+380667225875
+380955158870
+380667226976
+380660834077
+380996643115
+380667225875
+380955158870
+380667226976
+380667225875
+380961535320
+380667226976
+380955158870
+380934593119
+380667226976
+380636326011
+380667225875
+380955158870
+380667225875
+380955158870
+380502750479
+380667225875
+380667225875
+380955158870
+380634111425
+380637127775
+380958852787
+380667225875
+380667226976
+380667225875
+380667226976
+380991544752
+380974536364
+380666201021
+380931335385
+380974536364
+380666201021
+380931335385
+380675770966
+380953419566
+380689954286
+380509292379
+380986690279
+380636468422
+380504006672
+380930619817
+380504006672
+380930619817
+380508792661
+380937391894
+380962228286
+380984466711
+380665243539
+380939556206
+380972987849
+380508241611
+380577560590
+380503244679
+380667445129
+380979924785
+380995048119
+380938001608
+380675859945
+380503244679
+380996643115
+380669098871
+380684251377
+380987520656
+380505667314
+380637612373
+380996643115
+380660834077
+380990186768
+380986125512
+380660834077
+380979081128
+380676642392
+380669098871
+380684251377
+380669098871
+380684251377
+380952553415
+380936290529
+380669098871
+380684251377
+380989822478
+380660951820
+380988924080
+380668395970
+380996643115
+380503244679
+380502317443
+380990596978
+380660834077
+380676642392
+380676642392
+380671667095
+380660834077
+380669098871
+380684251377
+380952553415
+380631645346
+380509316911
+380683490760
+380660834077
+380502728104
+380509316911
+380683490760
+380989822478
+380989822478
+380996643115
+380676070786
+380935699386
+380631645346
+380669098871
+380684251377
+380669098871
+380684251377
+380936779778
+380987877561
+380932352967
+380506645256
+380639544869
+380994105540
+380953907637
+380983560397
+380673597463
+380639998135
+380953806203
+380971244454
+380958040616
+380985535780
+380953907637
+380983560397
+380503244838
+380509095250
+380997586077
+380939588299
+380953907637
+380983560397
+380953907637
+380983560397
+380675954592
+380637499602
+380994545056
+380951000018
+380637125761
+380682771555
+380505832097
+380676626264
+380683987834
+380937229337
+380663053727
+380933320825
+380993101481
+380635262554
+380636359031
+380974278302
+380505661127
+380957098929
+380951103301
+380677992854
+380683429710
+380679610833
+380630103275
+380509356226
+380937556698
+380959148788
+380960119112
+380631341830
+380631316756
+380505825012
+380953014000
+380953430004
+380509899080
+380931631515
+380992836246
+380635088712
+380983499778
+380951741788
+380677229740
+380936433146
+380956515575
+380660435852
+380631410637
+380933745516
+380935936341
+380633224502
+380664512080
+380965929075
+380996119164
+380988351829
+380636548008
+380933684226
+380504740136
+380975491621
+380936023599
+380985901417
+380939483744
+380956714053
+380939530426
+380688807120
+380992863040
+380948155255
+380664160512
+380935231192
+380957680528
+380997661106
+380675742428
+380675713230
+380966750360
+380666353543
+380966860671
+380993591535
+380634911107
+380937736818
+380503705151
+380672887370
+380930527849
+380638631857
+380982906190
+380637847172
+380932994321
+380975201586
+380631736637
+380954146985
+380930535433
+380969775040
+380683985838
+380678903238
+380932814544
+380950395877
+380634599770
+380501735001
+380680695722
+380930687768
+380953253590
+380632840154
+380509771670
+380935552056
+380989140881
+380984286592
+380507465629
+380930488912
+380966985093
+380951261584
+380505083353
+380671659000
+380504020308
+380971651033
+380635095590
+380952501275
+380967062165
+380938005181
+380507113140
+380630201323
+380934855177
+380639216350
+380638928258
+380661074600
+380990800991
+380689954559
+380504998877
+380976594390
+380671226152
+380668485411
+380665207155
+380989303938
+380966750360
+380666353543
+380966750360
+380666353543
+380994448644
+380633607330
+380960825737
+380661378192
+380984425892
+380500463910
+380633850561
+380975201586
+380503244838
+380503244838
+380660997002
+380636070935
+380667939615
+380980419477
+380666768008
+380963759114
+380975834324
+380665937503
+380636947316
+380509399773
+380966750360
+380666353543
+380508693577
+380982442636
+380683979770
+380955888632
+380955888632
+380966531967
+380931405216
+380960060416
+380966750360
+380666353543
+380938742124
+380966750360
+380666353543
+380665733009
+380633661077
+380966750360
+380666353543
+380661378139
+380661491821
+380993636320
+380972597024
+380505711810
+380933320825
+380509221742
+380636357922
+380673919347
+380689882958
+380996497544
+380931924194
+380959021506
+380637611222
+380990930743
+380975833958
+380975359324
+380930500345
+380972274462
+380734819967
+380966233923
+380503279097
+380667716633
+380673890330
+380667716633
+380667716633
+380667118588
+380633437403
+380661918263
+380930341429
+380663340397
+380667716633
+380975834259
+380504252949
+380667716633
+380667716633
+380667716633
+380667716633
+380997606425
+380667716633
+380667716633
+380507790179
+380987175243
+380667716633
+380508400714
+380995641888
+380639665497
+380503244838
+380667212280
+380503244838
+380503244838
+380503244838
+380503244838
+380503244838
+380503244838
+380938892416
+380661603622
+380630506522
+380734818419
+380932970798
+380636831757
+380663834238
+380961141477
+380952990237
+380503244838
+380662424319
+380500334138
+380966733811
+380635958949
+380633027180
+380933320819
+380950967326
+380995678907
+380973237886
+380637809407
+380502351225
+380952478570
+380675797504
+380631426649
+380965693277
+380970990752
+380960127448
+380672689824
+380951197026
+380960487244
+380960308548
+380667098088
+380984386610
+380951145841
+380960487255
+380960308673
+380507150409
+380931243107
+380997738562
+380938216346
+380939486114
+380973192554
+380935748649
+380508861187
+380960108842
+380991846826
+380933320819
+380634572480
+380684203313
+380975222977
+380936683228
+380734822604
+380989382896
+380933503691
+380668675879
+380504740136
+380504011359
+380504740136
+380508128332
+380680699662
+380633349676
+380509063216
+380931477031
+380667716633
+380667716633
+380933293279
+380933321895
+380667716633
+380667672585
+380953251886
+380639836160
+380667716633
+380958051053
+380676714359
+380999213081
+380685189516
+380988698166
+380991979491
+380952990237
+380660182513
+380935518031
+380960108841
+380667961156
+380939560773
+380978267220
+380931232447
+380933320807
+380668485411
+380639604464
+380687287618
+380631957566
+380503244838
+380688798114
+380990844120
+380669150245
+380682924084
+380964712626
+380987508079
+380988519188
+380930135474
+380954778189
+380992905543
+380675784390
+380999774718
+380996191958
+380937068078
+380963943610
+380933503691
+380965152559
+380997351065
+380634719594
+380684205997
+380933320807
+380997661106
+380675742428
+380933503691
+380509879619
+380661628897
+380678694582
+380982652461
+380636960755
+380950551935
+380504043797
+380971652479
+380500510104
+380664333009
+380959132848
+380932627561
+380667073713
+380988954651
+380632135730
+380638160609
+380734422732
+380500334138
+380987967081
+380500334138
+380960102958
+380932970798
+380933810499
+380681043583
+380994029589
+380632066098
+380964489153
+380500334138
+380677928417
+380999509708
+380932993253
+380636073746
+380996492496
+380995509331
+380506518731
+380678125100
+380991850518
+380990303910
+380965655941
+380675763174
+380960701287
+380935286691
+380684891582
+380956590892
+380968610432
+380994832136
+380669951343
+380508548801
+380674198323
+380937070107
