+380676741718
+380676741718
+380673733611
+380673732782
+380673733611
+380673733611
+380671762673
+380676741718
+380987108753
+380676741718
+380676741718
+380676741718
+380673732782
+380673732782
+380676741718
+380936632083
+380984984414
+380963504096
+380978030466
+380673733611
+380676741718
+380984984414
+380963504096
+380673733611
+380673732782
+380671406784
+380984984414
+380963504096
+380676741718
+380676741718
+380676741718
+380673733611
+380676741718
+380984984414
+380963504096
+380673733611
+380676741718
+380676741718
+380673733611
+380968448783
+380676741718
+380988134483
+380984984414
+380963504096
+380676741718
+380984984414
+380963504096
+380984984414
+380963504096
+380676741718
+380676741718
+380673733611
+380673732782
+380676741718
+380937578387
+380673733611
+380676741718
+380676741718
+380676741718
+380676741718
+380676741718
+380676741718
+380988134483
+380968448783
+380984984414
+380963504096
+380968283652
+380673733611
+380680760498
+380676741718
+380676741718
+380988134483
+380676741718
+380676741718
+380988134483
+380673732782
+380676741718
+380984984414
+380963504096
+380676741718
+380982077678
+380676746670
+380636831136
+380968448783
+380675903849
+380676741718
+380673732782
+380676741718
+380988134483
+380632777656
+380676741718
+380988134483
+380676741718
+380676741718
+380968448783
+380676741718
+380984984414
+380963504096
+380676741718
+380676741718
+380676767556
+380676741718
+380673732782
+380673732782
+380673733611
+380676741718
+380676741718
+380676741718
+380673732782
+380676741718
+380673732782
+380673732782
+380673733611
+380676741718
+380673733611
+380984984414
+380963504096
+380673733611
+380676741718
+380673733611
+380673732782
+380673732782
+380673732782
+380673732782
+380673732782
+380673732782
+380673732782
+380984984414
+380963504096
+380673733611
+380673733611
+380968110753
+380630762040
+380673732782
+380673732782
+380673732782
+380673732782
+380673733611
+380934270838
+380673732782
+380673732782
+380673732782
+380984984414
+380963504096
+380673733611
+380633152706
+380984984414
+380963504096
+380673733611
+380673732782
+380676741718
+380953220255
+380985220664
+380673733611
+380676741718
+380677227200
+380676741718
+380673732782
+380673733611
+380673733611
+380676741718
+380932598790
+380673732782
+380673732782
+380676741718
+380676741718
+380676741718
+380676741718
+380937484778
+380676741718
+380968448783
+380676741718
+380676741718
+380676741718
+380676741718
+380676741718
+380676741718
+380984984414
+380963504096
+380984984414
+380963504096
+380630248702
+380984984414
+380963504096
+380676741718
+380984984414
+380963504096
+380634582264
+380676741718
+380676741718
+380961878937
+380976442710
+380634341385
+380976442710
+380634341385
+380676741718
+380676741718
+380984984414
+380963504096
+380676741718
+380500892091
+380676741718
+380676741718
+380676741718
+380676741718
+380676741718
+380500889683
+380676741718
+380997833044
+380984984414
+380963504096
+380982077678
+380676741718
+380676741718
+380673732782
+380676741718
+380676741718
+380676741718
+380676741718
+380676741718
+380676741718
+380676741718
+380673732782
+380673733611
+380676741718
+380676603459
+380673732782
+380676741718
+380673732782
+380976442710
+380634341385
+380673733611
+380673732782
+380676741718
+380676741718
+380676741718
+380971254601
+380673732782
+380673733611
+380673732782
+380673732782
+380676741718
+380676741718
+380673733611
+380676741718
+380673732782
+380673732782
+380673732782
+380673733611
+380673732782
+380676741718
+380676741718
+380676741718
+380676741718
+380676741718
+380976442710
+380634341385
+380673732782
+380673732782
+380976442710
+380634341385
+380673732782
+380673732782
+380676741718
+380676741718
+380676741718
+380676741718
+380676741718
+380676741718
+380677102524
+380676741718
+380676741718
+380676741718
+380981511031
+380673702295
+380676741718
+380934287704
+380673732782
+380676741718
+380676741718
+380974322514
+380676741718
+380673733611
+380676741718
+380676741718
+380676741718
+380938160895
+380676741718
+380676741718
+380676741718
+380676741718
+380673733611
+380673411613
+380937291188
+380673733611
+380676741718
+380673732782
+380960458638
+380639902378
+380972067900
+380673733611
+380673733611
+380676741718
+380676741718
+380676741718
+380985023099
+380985023100
+380676741718
+380676741718
+380676741718
+380676767680
+380676741718
+380676741718
+380676744913
+380636254999
+380976442710
+380634341385
+380676741718
+380676741718
+380671406784
+380973802628
+380932550732
+380676741718
+380676741718
+380676741718
+380676741718
+380676741718
+380676741718
+380676741718
+380676741718
+380976442710
+380634341385
+380676741718
+380676741718
+380676741718
+380676741718
+380976442710
+380634341385
+380676750633
+380676741718
+380984984414
+380963504096
+380976442710
+380634341385
+380981327010
+380676741718
+380676741718
+380676741718
+380673733611
+380633069956
+380960729396
+380976442710
+380634341385
+380676741718
+380676741718
+380676741718
+380676741718
+380976442710
+380634341385
+380976442710
+380634341385
+380676741718
+380676741718
+380676757030
+380633733774
+380934688735
+380676741718
+380676741718
+380676741718
+380676741718
+380673733611
+380976442710
+380634341385
+380984984414
+380963504096
+380676741718
+380676741718
+380961878937
+380961878937
+380961878937
+380676741718
+380676071938
+380976442710
+380634341385
+380961878937
+380984984414
+380963504096
+380976442710
+380634341385
+380976442710
+380634341385
+380976442710
+380634341385
+380976442710
+380634341385
+380961878937
+380961878937
+380961878937
+380961878937
+380961878937
+380976442710
+380634341385
+380671406784
+380961878937
+380961878937
+380984984414
+380963504096
+380984984414
+380963504096
+380984984414
+380963504096
+380976442710
+380634341385
+380961878937
+380982077678
+380961878937
+380676741718
+380676741718
+380978588885
+380961878937
+380961878937
+380961878937
+380961878937
+380673733611
+380633733774
+380961878937
+380676741718
+380676741718
+380676741718
+380676741718
+380961878937
+380961878937
+380676741718
+380676741718
+380961878937
+380961878937
+380673732782
+380673732782
+380673732782
+380673733611
+380673732782
+380967356716
+380965629833
+380671406784
+380961878937
+380976442710
+380634341385
+380961878937
+380673707355
+380986305755
+380961878937
+380961878937
+380961878937
+380961878937
+380961878937
+380961878937
+380986951488
+380961878937
+380961878937
+380961878937
+380676741718
+380961878937
+380673719192
+380961878937
+380961878937
+380961878937
+380961878937
+380961878937
+380987378826
+380961878937
+380971375677
+380936688659
+380961878937
+380961878937
+380961878937
+380961878937
+380965629833
+380673232280
+380673232225
+380633733774
+380987378660
+380673232101
+380961878937
+380961878937
+380961878937
+380961878937
+380967356708
+380673706810
+380961878937
+380961878937
+380961878937
+380961878937
+380961878937
+380673232060
+380961878937
+380961878937
+380961878937
+380961878937
+380961878937
+380961878937
+380961878937
+380961878937
+380639364055
+380961878937
+380961878937
+380961878937
+380676741718
+380961878937
+380961878937
+380961878937
+380961878937
+380672231700
+380961878937
+380673232245
+380986917086
+380961878937
+380961878937
+380961878937
+380961878937
+380637488547
+380961878937
+380961878937
+380961878937
+380961878937
+380961878937
+380961878937
+380961878937
+380961878937
+380961878937
+380961878937
+380961878937
+380961878937
+380961878937
+380961878937
+380961878937
+380961878937
+380967356712
+380633733774
+380673702790
+380673702260
+380676741718
+380965629833
+380673232082
+380676741718
+380961878937
+380961878937
+380961878937
+380961878937
+380965629833
+380673103847
+380676741718
+380673232080
+380676741718
+380961878937
+380976099692
+380931165335
+380676741718
+380676741718
+380676741718
+380676741718
+380676741718
+380673701967
+380965629833
+380676284722
+380639035303
+380961878937
+380961878937
+380676741718
+380676741718
+380676741718
+380676741718
+380982077678
+380965629833
+380676741718
+380961878937
+380673732782
+380961878937
+380676741718
+380676741718
+380676741718
+380673733611
+380961878937
+380502936188
+380961878937
+380961878937
+380633733774
+380973334157
+380676741718
+380961878937
+380676741718
+380676741718
+380965629833
+380961878937
+380676741718
+380673232257
+380935986215
+380676741718
+380937589383
+380676741718
+380961878937
+380673733611
+380937589383
+380676741718
+380961878937
+380673733611
+380961878937
+380676741718
+380961878937
+380676741718
+380980705075
+380676741718
+380673232257
+380935986215
+380961878937
+380673732782
+380965629833
+380961878937
+380676741718
+380961878937
+380671406784
+380673734413
+380983229122
+380634337171
+380961878937
+380965629833
+380673232257
+380935986215
+380673232257
+380935986215
+380676741718
+380961878937
+380673232257
+380935986215
+380961878937
+380673232257
+380935986215
+380961878937
+380673232257
+380935986215
+380676741718
+380673232257
+380935986215
+380673232257
+380935986215
+380961878937
+380961878937
+380961878937
+380673232257
+380935986215
+380984984414
+380963504096
+380673232257
+380935986215
+380676741718
+380673232257
+380935986215
+380673232257
+380935986215
+380965629833
+380673232257
+380935986215
+380673772783
+380676741718
+380981510592
+380673232257
+380935986215
+380961878937
+380673733611
+380673232257
+380935986215
+380673232257
+380935986215
+380673232257
+380935986215
+380676741718
+380676738757
+380676741718
+380676741718
+380673232257
+380935986215
+380961878937
+380673232257
+380935986215
+380673772783
+380676741718
+380673232257
+380935986215
+380676741718
+380676741718
+380676741718
+380673232257
+380935986215
+380673772783
+380676741718
+380676741718
+380676741718
+380673772783
+380673732782
+380673232257
+380935986215
+380673772783
+380673772783
+380673772783
+380673772783
+380673772783
+380965629833
+380676741718
+380673772783
+380673772783
+380673232257
+380935986215
+380676741718
+380676741718
+380960810777
+380676741718
+380673733611
+380676741718
+380676741718
+380676741718
+380676741718
+380676741718
+380676741718
+380676741718
+380676741718
+380676741718
+380676741718
+380676741718
+380676741718
+380965629833
+380676741718
+380676741718
+380676741718
+380984984414
+380963504096
+380676741718
+380673232257
+380935986215
+380676741718
+380676741718
+380676741718
+380673732782
+380676741718
+380984984414
+380963504096
+380984984414
+380963504096
+380676741718
+380984984414
+380963504096
+380984984414
+380963504096
+380676741718
+380976903584
+380673732782
+380673733611
+380673732782
+380673733611
+380673732782
+380673732782
+380673732782
+380673732782
+380676741718
+380673733611
+380965629833
+380971511012
+380631607492
+380676741718
+380676741718
+380673733611
+380965629833
+380677079542
+380673732782
+380986014001
+380673732782
+380971511012
+380631607492
+380673733611
+380971511012
+380631607492
+380673732782
+380673733611
+380673732782
+380673732782
+380673732782
+380673732782
+380673732782
+380673732782
+380673733611
+380673732782
+380986184006
+380984984414
+380963504096
+380973460640
+380984984414
+380963504096
+380630249036
+380984984414
+380963504096
+380986462867
+380932237362
+380673135533
+380934266123
+380677307306
+380632178900
+380961376921
+380934256969
+380934256969
+380978324594
+380934256969
+380934256969
+380934256969
+380934256969
+380934256969
+380630266979
+380687604827
+380666658545
+380986874370
+380937278324
+380988134483
+380988134483
+380988134483
+380667929545
+380976104469
+380673732782
+380673732782
+380673732782
+380673732782
+380673733611
+380673732782
+380673732782
+380673733611
+380673732782
+380633275245
+380673732782
+380673733611
+380675859358
+380675859358
+380986255957
+380987763590
+380930112555
+380677773419
+380676859650
+380964981076
+380950422751
+380931860678
+380986513385
+380677995757
+380671521652
+380632114891
+380934256969
+380934256969
+380934256969
+380993809826
+380683073245
+380639418989
+380934256969
+380934256969
+380965575255
+380950766763
+380639418989
+380630248702
+380934256969
+380630748080
+380988134483
+380988134483
+380988134483
+380673411613
+380937291188
+380977004663
+380961016326
+380675927184
+380673732782
+380673732782
+380673733611
+380936640169
+380980720487
+380508784800
+380955868056
+380676741718
+380676741718
+380676741718
+380676741718
+380676741718
+380676741718
+380676741718
+380676741718
+380676741718
+380676741718
+380676741718
+380676741718
+380676741718
+380676741718
+380676741718
+380676741718
+380676741718
+380676741718
+380676741718
+380676741718
+380673733611
+380676741718
+380676741718
+380676741718
+380676741718
+380673733611
+380676741718
+380676741718
+380676741718
+380676741718
+380676741718
+380676741718
+380676741718
+380676741718
+380676741718
+380676741718
+380676741718
+380676741718
+380676741718
+380500832047
+380676741718
+380676741718
+380951993523
+380676741718
+380676741718
+380676741718
+380676741718
+380676741718
+380676741718
+380676741718
+380676741718
+380632089040
+380965629833
+380630163848
+380997768792
+380630163848
+380630163848
+380630163848
+380630163848
+380630163848
+380630163848
+380630163848
+380630163848
+380630163848
+380965629833
+380680911182
+380680911182
+380986512601
+380680911182
+380679368530
+380687118356
+380953805803
+380936252557
+380989167439
+380508497500
+380988134483
+380988134483
+380686490125
+380984984414
+380963504096
+380984984414
+380963504096
+380984984414
+380963504096
+380977731385
+380987282814
+380984984414
+380963504096
+380984984414
+380963504096
+380984984414
+380963504096
+380688212066
+380633324782
+380993161007
+380984984414
+380963504096
+380937121039
+380984984414
+380963504096
+380984984414
+380963504096
+380968448783
+380984984414
+380963504096
+380950352522
+380984984414
+380963504096
+380969016763
+380676744901
+380632151133
+380676714513
+380984984414
+380963504096
+380676744905
+380984984414
+380963504096
+380676741718
+380676741718
+380676741718
+380676741718
+380676714513
+380960395018
+380930349532
+380676741718
+380960395062
+380971765461
+380967633434
+380984984414
+380963504096
+380971765872
+380673733611
+380676741718
+380984984414
+380963504096
+380676741718
+380673733611
+380673201853
+380988134483
+380676741718
+380676741718
+380673733611
+380676741718
+380676741718
+380676741718
+380673772783
+380984984414
+380963504096
+380676741718
+380676741718
+380673733611
+380676741718
+380676741718
+380984984414
+380963504096
+380676741718
+380984984414
+380963504096
+380673772783
+380673772783
+380984984414
+380963504096
+380673733611
+380676741718
+380984984414
+380963504096
+380673733611
+380673732782
+380673733611
+380676741718
+380682044413
+380931478219
+380676741718
+380673732782
+380676741718
+380673772783
+380673772783
+380673733611
+380673772783
+380673772783
+380673772783
+380673772783
+380676741718
+380676741718
+380984984414
+380963504096
+380984984414
+380963504096
+380676741718
+380673733611
+380673733611
+380673732782
+380676741718
+380676741718
+380673732782
+380673732782
+380673732782
+380673733611
+380673733611
+380676741718
+380676741718
+380673732782
+380673733611
+380676741718
+380676741718
+380676741718
+380979308968
+380676741718
+380673232257
+380935986215
+380673732782
+380676741718
+380673232257
+380935986215
+380673732782
+380676741718
+380673232257
+380935986215
+380676741718
+380984984414
+380963504096
+380673232257
+380935986215
+380673232257
+380935986215
+380673232257
+380935986215
+380673232257
+380935986215
+380673232257
+380935986215
+380673232257
+380935986215
+380673232257
+380673232257
+380935986215
+380673232257
+380935986215
+380673232257
+380935986215
+380673232257
+380935986215
+380673232257
+380935986215
+380673232257
+380935986215
+380676741718
+380673232257
+380935986215
+380673232257
+380935986215
+380673232257
+380935986215
+380673232257
+380935986215
+380676741718
+380673733611
+380673733611
+380673733611
+380673232257
+380935986215
+380676741718
+380673232257
+380935986215
+380984984414
+380963504096
+380676741718
+380984984414
+380963504096
+380673232257
+380935986215
+380673232257
+380935986215
+380673232257
+380935986215
+380632207687
+380673232257
+380935986215
+380676741718
+380676741718
+380673232257
+380935986215
+380673232257
+380935986215
+380673732782
+380673733611
+380676741718
+380673232257
+380935986215
+380673232257
+380935986215
+380673232257
+380935986215
+380676741718
+380976494708
+380676741718
+380673733611
+380676741718
+380673732782
+380673232257
+380935986215
+380673732782
+380673732782
+380673733611
+380673732782
+380673732782
+380676741718
+380673732782
+380673733611
+380963444196
+380676741718
+380676741718
+380673143150
+380937375898
+380673733611
+380673733611
+380673733611
+380676741718
+380676741718
+380676741718
+380984984414
+380963504096
+380676741718
+380673732782
+380984984414
+380963504096
+380673732782
+380676741718
+380676741718
+380676741718
+380676741718
+380676741718
+380676741718
+380984984414
+380963504096
+380676741718
+380676741718
+380676741718
+380676741718
+380984984414
+380963504096
+380676741718
+380676741718
+380676741718
+380676741718
+380676741718
+380676741718
+380676741718
+380676741718
+380680911182
+380978138928
+380676741718
+380676741718
+380676741718
+380676741718
+380984984414
+380963504096
+380984984414
+380322455492
+380676741718
+380673732782
+380676741718
+380680911182
+380676741718
+380676741718
+380676741718
+380676741718
+380984984414
+380963504096
+380676741718
+380676741718
+380673733611
+380676741718
+380666445754
+380680458885
+380676741718
+380984984414
+380963504096
+380984984414
+380963504096
+380984984414
+380963504096
+380676741718
+380676741718
+380676741718
+380984984414
+380963504096
+380676741718
+380676741718
+380984984414
+380963504096
+380984984414
+380963504096
+380676741718
+380673732782
+380673732782
+380931259893
+380673732782
+380680911182
+380673733611
+380673732782
+380673733611
+380673732782
+380673732782
+380673732782
+380673732782
+380673732782
+380673733611
+380673732782
+380984984414
+380963504096
+380978842693
+380673733611
+380984984414
+380963504096
+380984984414
+380963504096
+380673733611
+380673733611
+380673733611
+380673732782
+380984984414
+380963504096
+380673732782
+380984984414
+380963504096
+380972623344
+380632078143
+380676645771
+380986867577
+380935217845
+380964355571
+380938052343
+380689011420
+380984984414
+380963504096
+380971260043
+380676746928
+380677943694
+380673732782
+380984984414
+380963504096
+380984984414
+380963504096
+380984984414
+380963504096
+380673732782
+380673732782
+380673732782
+380984984414
+380963504096
+380673732782
+380676741718
+380673232257
+380935986215
+380676741718
+380984984414
+380963504096
+380676741718
+380673232257
+380935986215
+380677102892
+380673232257
+380935986215
+380673732782
+380676741718
+380673732782
+380676741718
+380673232257
+380935986215
+380680412583
+380638879694
+380984984414
+380963504096
+380984984414
+380963504096
+380673232257
+380935986215
+380673232257
+380935986215
+380676741718
+380977392104
+380673232257
+380935986215
+380984984414
+380963504096
+380984984414
+380963504096
+380673732782
+380676741718
+380676741718
+380979608110
+380676741718
+380673232257
+380935986215
+380673232257
+380935986215
+380673733611
+380676741718
+380984984414
+380963504096
+380676741718
+380676741718
+380676741718
+380673732782
+380984984414
+380963504096
+380676741718
+380676741718
+380984984414
+380963504096
+380984984414
+380963504096
+380673772783
+380981511032
+380673732782
+380676741718
+380676741718
+380676741718
+380673772783
+380676741718
+380676741718
+380979861605
+380676741718
+380984984414
+380963504096
+380673732782
+380673772783
+380673772783
+380673732782
+380937477912
+380680911182
+380676741718
+380676741718
+380676741718
+380676741718
+380676741718
+380984984414
+380963504096
+380984984414
+380322455492
+380676741718
+380676741718
+380673732782
+380676741718
+380676741718
+380673732782
+380676741718
+380676741718
+380676741718
+380676741718
+380676741718
+380676741718
+380676741718
+380680911182
+380676741718
+380676741718
+380676741718
+380676741718
+380673772783
+380676741718
+380984984414
+380963504096
+380676741718
+380676741718
+380673732782
+380673772783
+380676741718
+380673732782
+380676741718
+380676741718
+380673732782
+380984984414
+380963504096
+380676741718
+380676741718
+380676741718
+380673732782
+380984984414
+380963504096
+380676741718
+380676741718
+380968448783
+380673732782
+380676741718
+380676741718
+380676741718
+380683154780
+380676741718
+380676741718
+380676741718
+380673732782
+380676741718
+380673732782
+380673772783
+380673232112
+380676741718
+380676741718
+380984984414
+380963504096
+380676741718
+380676741718
+380673772783
+380673772783
+380673732782
+380676741718
+380673732782
+380673772783
+380676741718
+380676741718
+380676741718
+380673732782
+380673732782
+380673732782
+380676741718
+380984984414
+380963504096
+380673732782
+380676741718
+380676741718
+380673732782
+380673732782
+380673732782
+380637064140
+380676741718
+380676741718
+380673772783
+380673733611
+380676741718
+380676741718
+380984984414
+380963504096
+380676741718
+380673732782
+380673733611
+380676741718
+380673733611
+380673733611
+380676741718
+380676741718
+380984984414
+380963504096
+380673733611
+380673732782
+380984984414
+380963504096
+380673733611
+380673733611
+380673733611
+380984984414
+380963504096
+380673411613
+380937291188
+380673733611
+380676741718
+380676741718
+380673733611
+380676741718
+380968448783
+380676741718
+380673733611
+380984984414
+380963504096
+380974077522
+380676741718
+380968448783
+380676741718
+380676741718
+380676741718
+380673732782
+380673772783
+380676741718
+380676741718
+380676741718
+380676741718
+380673732782
+380676741718
+380673732782
+380673733611
+380673732782
+380676741718
+380673732782
+380983229122
+380634337171
+380676741718
+380673732782
+380676741718
+380676741718
+380676741718
+380676741718
+380676741718
+380676741718
+380676741718
+380676741718
+380676741718
+380673733611
+380676741718
+380676741718
+380676741718
+380984984414
+380963504096
+380984984414
+380963504096
+380676741718
+380676741718
+380676741718
+380676741718
+380676741718
+380673732782
+380673232257
+380935986215
+380676741718
+380676741718
+380676741718
+380676741718
+380676741718
+380676741718
+380676741718
+380676741718
+380676741718
+380676741718
+380676741718
+380676741718
+380676741718
+380971511012
+380631607492
+380673232257
+380935986215
+380673232257
+380935986215
+380971511012
+380631607492
+380673232257
+380676741718
+380971511012
+380631607492
+380676741718
+380971511012
+380631607492
+380673232257
+380935986215
+380676741718
+380971511012
+380631607492
+380971511012
+380631607492
+380673232257
+380935986215
+380676741718
+380964579709
+380673232257
+380935986215
+380673232257
+380935986215
+380676741718
+380676741718
+380673232257
+380935986215
+380968448783
+380676741718
+380971511012
+380631607492
+380676741718
+380971511012
+380631607492
+380673232257
+380935986215
+380673232257
+380935986215
+380673232257
+380935986215
+380673232257
+380935986215
+380676741718
+380676741718
+380673232257
+380935986215
+380676741718
+380673732782
+380984984414
+380963504096
+380673414110
+380973139646
+380639386061
+380680911182
+380676741718
+380676741718
+380676741718
+380977134077
+380676741718
+380984984414
+380963504096
+380676741718
+380676741718
+380676741718
+380676741718
+380676741718
+380676741718
+380676741718
+380676741718
+380673733611
+380631547161
+380676741718
+380973139646
+380639386061
+380676741718
+380676741718
+380676741718
+380676741718
+380984984414
+380963504096
+380676741718
+380636855540
+380676741718
+380673732782
+380673732782
+380671776984
+380676741718
+380997776404
+380676741718
+380973139646
+380639386061
+380966654321
+380676741718
+380676741718
+380981992994
+380676741718
+380673503006
+380676741718
+380673733611
+380676741718
+380676741718
+380680911182
+380981992994
+380984984414
+380963504096
+380676741718
+380676741718
+380676741718
+380676741718
+380676741718
+380676741718
+380676741718
+380676741718
+380676741718
+380981518801
+380676741718
+380673701160
+380984984414
+380963504096
+380984984414
+380963504096
+380673732782
+380673733611
+380673733611
+380673732782
+380673733611
+380984984414
+380963504096
+380984984414
+380963504096
+380676741718
+380673733611
+380673732782
+380676741718
+380673733611
+380673732782
+380676741718
+380676741718
+380673733611
+380984984414
+380963504096
+380673732782
+380676741718
+380676741718
+380676741718
+380676741718
+380676741718
+380984984414
+380963504096
+380676741718
+380673732782
+380673732782
+380673733611
+380673772783
+380673733611
+380673733611
+380673732782
+380673733611
+380673772783
+380673732782
+380673732782
+380673732782
+380673732782
+380673772783
+380673772783
+380673733611
+380984984414
+380963504096
+380673732782
+380984984414
+380963504096
+380673733611
+380673772783
+380673732782
+380673732782
+380673733611
+380673772783
+380673733611
+380673733611
+380969697798
+380932316580
+380984984414
+380963504096
+380673772783
+380677829580
+380673733611
+380673732782
+380673732782
+380984984414
+380963504096
+380673732782
+380673732782
+380673772783
+380673772783
+380673772783
+380673772783
+380673732782
+380673733611
+380673732782
+380673732782
+380673732782
+380673732782
+380673732782
+380673732782
+380673732782
+380673732782
+380673733611
+380673732782
+380673732782
+380673732782
+380673732782
+380984984414
+380963504096
+380673772783
+380984984414
+380963504096
+380673772783
+380673772783
+380673772783
+380673772783
+380673772783
+380673772783
+380673772783
+380673772783
+380673772783
+380673772783
+380673772783
+380673772783
+380673772783
+380673772783
+380966450467
+380677136640
+380509008882
+380980831302
+380673390848
+380639402444
+380673132235
+380633288360
+380975923169
+380953113454
+380673732782
+380673732782
+380673732782
+380673732782
+380673732782
+380673732782
+380673733611
+380673732782
+380673733611
+380965868793
+380673733611
+380685770434
+380673733611
+380673732782
+380984984414
+380963504096
+380984984414
+380963504096
+380984984414
+380963504096
+380984984414
+380963504096
+380673733611
+380673732782
+380673732782
+380673733611
+380673732782
+380676741718
+380673732782
+380676741718
+380676741718
+380676741718
+380673732782
+380676741718
+380676741718
+380984984414
+380963504096
+380676741718
+380970090287
+380676741718
+380676741718
+380676741718
+380676741718
+380938614859
+380983097669
+380676741718
+380984984414
+380963504096
+380676741718
+380676741718
+380676741718
+380984984414
+380963504096
+380673732782
+380676741718
+380673733611
+380984984414
+380963504096
+380673732782
+380676741718
+380676741718
+380673732782
+380676741718
+380676741718
+380676741718
+380676741718
+380676741718
+380673732782
+380984984414
+380963504096
+380673733611
+380676741718
+380673732782
+380673733611
+380984984414
+380963504096
+380676741718
+380676741718
+380673732782
+380673732782
+380673732782
+380676741718
+380676741718
+380673733611
+380676741718
+380676741718
+380676741718
+380676741718
+380676741718
+380676741718
+380676741718
+380676741718
+380676741718
+380676741718
+380984984414
+380963504096
+380676741718
+380676741718
+380676741718
+380676741718
+380676741718
+380676741718
+380676741718
+380676741718
+380676741718
+380676741718
+380676741718
+380676741718
+380971511012
+380631607492
+380676741718
+380676741718
+380676741718
+380676741718
+380676741718
+380984984414
+380963504096
+380676741718
+380676741718
+380981943434
+380971511012
+380631607492
+380676741718
+380984984414
+380963504096
+380508624722
+380980723310
+380676741718
+380676741718
+380984984414
+380963504096
+380676741718
+380676741718
+380676741718
+380676741718
+380676741718
+380676741718
+380676741718
+380676741718
+380984984414
+380963504096
+380981310175
+380676741718
+380676741718
+380676741718
+380676741718
+380676741718
+380676741718
+380676741718
+380676741718
+380984984414
+380963504096
+380676741718
+380676741718
+380676741718
+380676741718
+380984984414
+380963504096
+380676741718
+380676741718
+380676741718
+380632934311
+380937469742
+380676741718
+380676741718
+380676741718
+380676741718
+380676741718
+380984984414
+380963504096
+380984984414
+380322455492
+380676741718
+380676741718
+380676741718
+380676741718
+380676741718
+380984984414
+380963504096
+380676741718
+380676741718
+380676741718
+380676741718
+380676741718
+380676741718
+380676741718
+380989355747
+380965629833
+380676741718
+380676741718
+380676741718
+380676741718
+380676741718
+380965629833
+380971511012
+380631607492
+380676741718
+380676741718
+380676741718
+380676741718
+380676741718
+380676741718
+380676741718
+380971511012
+380631607492
+380676741718
+380676741718
+380676741718
+380971511012
+380631607492
+380965575255
+380950766763
+380971511012
+380631607492
+380676741718
+380984984414
+380963504096
+380971511012
+380631607492
+380669016787
+380937820739
+380987142593
+380676741718
+380676741718
+380676741718
+380676741718
+380676741718
+380984984414
+380963504096
+380676741718
+380984984414
+380963504096
+380676741718
+380676741718
+380673411613
+380937291188
+380676741718
+380676741718
+380673411613
+380937291188
+380676741718
+380676741718
+380676741718
+380673411613
+380937291188
+380676741718
+380676741718
+380974242610
+380676741718
+380676741718
+380676741718
+380676741718
+380676741718
+380676741718
+380676741718
+380676741718
+380676741718
+380676741718
+380676741718
+380676741718
+380676741718
+380676741718
+380673411613
+380937291188
+380673411613
+380937291188
+380676741718
+380676741718
+380984984414
+380963504096
+380676741718
+380676741718
+380676741718
+380967846630
+380673130409
+380676741718
+380676741718
+380984984414
+380963504096
+380676741718
+380676741718
+380676741718
+380676741718
+380676741718
+380676741718
+380676741718
+380676741718
+380676741718
+380673232257
+380935986215
+380984984414
+380963504096
+380984984414
+380963504096
+380676741718
+380676741718
+380676741718
+380676741718
+380680911182
+380676741718
+380673733611
+380973139646
+380639386061
+380676741718
+380676741718
+380676741718
+380676741718
+380676741718
+380676741718
+380676741718
+380676741718
+380676741718
+380673733611
+380676741718
+380676741718
+380676741718
+380676741718
+380676741718
+380973139646
+380639386061
+380676741718
+380984984414
+380963504096
+380984984414
+380963504096
+380984984414
+380963504096
+380676741718
+380676741718
+380984984414
+380963504096
+380676741718
+380676741718
+380676741718
+380676741718
+380673732782
+380676741718
+380673733611
+380997636906
+380673732782
+380984984414
+380963504096
+380984984414
+380963504096
+380984984414
+380963504096
+380673732782
+380673732782
+380673733611
+380673733611
+380673732782
+380673732782
+380673733611
+380984984414
+380963504096
+380673732782
+380673733611
+380673733611
+380673732782
+380673232257
+380935986215
+380680911182
+380673732782
+380673733611
+380673733611
+380630249035
+380673732782
+380673732782
+380673732782
+380673733611
+380673733611
+380673733611
+380673732782
+380673733611
+380673733611
+380673732782
+380673732782
+380673732782
+380673732782
+380673732782
+380673733611
+380673733611
+380673733611
+380673732782
+380673733611
+380981992994
+380673732782
+380673732782
+380673733611
+380673732782
+380984984414
+380963504096
+380984984414
+380963504096
+380673733611
+380984984414
+380963504096
+380673733611
+380673732782
+380680911182
+380673733611
+380673732782
+380984984414
+380963504096
+380673732782
+380673733611
+380673732782
+380673733611
+380673732782
+380673732782
+380673732782
+380680911182
+380989226604
+380677897739
+380934737870
+380671451067
+380635638663
+380687604827
+380980368586
+380984984414
+380963504096
+380984984414
+380963504096
+380676741718
+380667925220
+380932586471
+380676741718
+380676741718
+380976104469
+380673772783
+380676741718
+380676741718
+380676741718
+380676741718
+380676741718
+380676741718
+380676741718
+380676741718
+380676741718
+380673103847
+380676741718
+380676741718
+380984984414
+380963504096
+380676741718
+380676741718
+380984984414
+380963504096
+380984984414
+380963504096
+380676741718
+380676741718
+380676741718
+380676741718
+380676741718
+380676741718
+380676741718
+380676741718
+380676741718
+380676741718
+380676741718
+380676741718
+380676741718
+380676741718
+380676741718
+380676741718
+380676741718
+380676741718
+380678453713
+380676741718
+380676741718
+380676741718
+380676741718
+380676741718
+380934179782
+380676741718
+380676741718
+380676741718
+380676741718
+380676741718
+380984820267
+380676741718
+380676741718
+380676741718
+380676741718
+380676741718
+380676741718
+380676741718
+380676741718
+380676741718
+380673103847
+380676741718
+380676741718
+380676741718
+380676741718
+380676741718
+380676741718
+380676741718
+380676741718
+380676741718
+380676741718
+380676741718
+380676741718
+380676741718
+380633167440
+380676741718
+380971313930
+380676741718
+380676741718
+380676741718
+380676741718
+380980667484
+380984984414
+380963504096
+380680911182
+380676741718
+380676741718
+380984984414
+380322455492
+380984984414
+380963504096
+380676741718
+380676741718
+380676741718
+380676741718
+380935221578
+380680911182
+380676741718
+380676741718
+380938561488
+380676741718
+380672623444
+380984984414
+380963504096
+380984984414
+380963504096
+380676741718
+380984984414
+380963504096
+380984984414
+380963504096
+380676741718
+380676741718
+380984984414
+380963504096
+380676741718
+380676741718
+380676741718
+380676741718
+380676741718
+380964307860
+380960360537
+380673736463
+380676741718
+380676741718
+380676741718
+380676741718
+380676741718
+380676741718
+380676741718
+380676741718
+380676741718
+380676741718
+380676741718
+380676741718
+380676741718
+380508022357
+380973147576
+380676741718
+380676741718
+380676741718
+380676741718
+380676741718
+380676741718
+380676741718
+380676741718
+380680911182
+380676741718
+380674411441
+380676741718
+380676741718
+380676741718
+380676741718
+380676741718
+380676741718
+380676741718
+380676741718
+380676741718
+380680911182
+380676741718
+380990529432
+380984243033
+380984984414
+380963504096
+380984984414
+380963504096
+380984984414
+380963504096
+380676741718
+380676741718
+380676741718
+380676741718
+380676741718
+380676741718
+380680911182
+380676741718
+380676741718
+380676741718
+380982185509
+380676741718
+380676741718
+380984984414
+380963504096
+380676741718
+380676741718
+380676741718
+380676741718
+380676741718
+380676741718
+380673232257
+380935986215
+380676741718
+380676741718
+380676741718
+380676741718
+380965629833
+380676741718
+380676741718
+380676741718
+380673232257
+380935986215
+380676741718
+380676741718
+380676741718
+380975155711
+380984984414
+380963504096
+380984984414
+380963504096
+380673232257
+380935986215
+380673232257
+380935986215
+380984984414
+380963504096
+380984984414
+380963504096
+380676741718
+380676741718
+380676741718
+380676741718
+380676741718
+380676741718
+380970033610
+380676741718
+380676741718
+380676741718
+380676741718
+380676741718
+380676741718
+380676741718
+380676741718
+380676741718
+380676741718
+380676741718
+380676741718
+380673103847
+380676741718
+380971511012
+380631607492
+380973139646
+380639386061
+380973139646
+380639386061
+380673232257
+380935986215
+380973139646
+380639386061
+380676741718
+380676741718
+380676741718
+380676741718
+380676741718
+380673232257
+380935986215
+380676741718
+380676741718
+380673232257
+380935986215
+380981547053
+380676741718
+380964049909
+380676741718
+380676741718
+380676741718
+380676741718
+380631943012
+380676741718
+380676741718
+380676741718
+380676741718
+380673232257
+380935986215
+380984984414
+380322455492
+380678596185
+380934732931
+380673772783
+380673732782
+380673733611
+380673772783
+380673772783
+380673732782
+380673733611
+380671657317
+380967489020
+380673733611
+380673732782
+380507265807
+380673732782
+380673772783
+380673732782
+380673772783
+380673732782
+380673732782
+380673733611
+380673732782
+380673772783
+380673733611
+380673732782
+380673732782
+380673733611
+380673772783
+380673772783
+380673772783
+380673772783
+380673733611
+380673732782
+380673732782
+380984984414
+380963504096
+380673772783
+380673772783
+380673772783
+380673772783
+380673772783
+380673732782
+380673732782
+380673772783
+380673772783
+380673772783
+380673733611
+380673733611
+380673732782
+380673732782
+380673733611
+380673732782
+380673732782
+380673732782
+380673733611
+380673772783
+380673772783
+380673772783
+380673772783
+380673772783
+380673733611
+380673732782
+380673732782
+380673733611
+380673732782
+380673732782
+380673732782
+380673732782
+380673733611
+380673732782
+380673772783
+380673733611
+380673733611
+380673772783
+380673772783
+380673732782
+380673732782
+380673733611
+380673733611
+380673733611
+380673772783
+380984984414
+380963504096
+380673733611
+380673772783
+380673732782
+380673733611
+380673772783
+380673732782
+380673732782
+380673772783
+380673732782
+380984984414
+380963504096
+380984984414
+380963504096
+380673772783
+380673772783
+380673733611
+380673732782
+380673733611
+380673733611
+380673772783
+380673733611
+380673772783
+380984984414
+380322455492
+380984984414
+380963504096
+380673732782
+380673772783
+380673732782
+380984984414
+380963504096
+380673733611
+380673732782
+380967136469
+380673733611
+380672437787
+380638796300
+380684357767
+380673024003
+380984984414
+380963504096
+380984984414
+380963504096
+380984984414
+380963504096
+380984984414
+380963504096
+380984984414
+380963504096
+380984984414
+380963504096
+380938696388
+380971097853
+380984984414
+380322455492
+380984984414
+380963504096
+380984984414
+380963504096
+380677755263
+380934391616
+380669537992
+380984984414
+380963504096
+380671914897
+380984984414
+380963504096
+380984984414
+380963504096
+380630266979
+380687604827
+380666658545
+380673732782
+380632452447
+380984984414
+380963504096
+380673732782
+380673732782
+380936886507
+380984984414
+380963504096
+380677700617
+380673732782
+380984984414
+380963504096
+380970458386
+380673732782
+380673733611
+380984984414
+380963504096
+380984984414
+380963504096
+380984984414
+380963504096
+380673419011
+380984984414
+380963504096
+380984984414
+380963504096
+380676761207
+380935599920
+380984984414
+380963504096
+380984984414
+380963504096
+380984984414
+380963504096
+380984984414
+380963504096
+380630599515
+380673732782
+380984984414
+380963504096
+380984984414
+380963504096
+380984984414
+380963504096
+380984984414
+380963504096
+380931129125
+380984984414
+380963504096
+380676767440
+380932546683
+380984984414
+380322455492
+380984984414
+380963504096
+380984984414
+380963504096
+380631747400
+380984984414
+380963504096
+380984984414
+380963504096
+380984984414
+380963504096
+380984984414
+380963504096
+380981547005
+380971101518
+380630163848
+380635641618
+380963521910
+380971879494
+380968586274
+380981792359
+380939724424
+380930155225
+380633846739
+380993142441
+380972899935
+380679669487
+380984984414
+380322455492
+380984984414
+380963504096
+380984984414
+380963504096
+380984984414
+380963504096
+380984984414
+380963504096
+380984984414
+380963504096
+380984984414
+380963504096
+380984984414
+380963504096
+380931904824
+380673701054
+380679615887
+380984984414
+380963504096
+380984984414
+380963504096
+380984984414
+380963504096
+380984984414
+380963504096
+380984984414
+380963504096
+380984984414
+380963504096
+380984984414
+380963504096
+380984984414
+380963504096
+380979077881
+380984984414
+380963504096
+380984984414
+380963504096
+380984984414
+380963504096
+380984984414
+380963504096
+380984984414
+380963504096
+380984984414
+380963504096
+380962409229
+380984984414
+380963504096
+380984984414
+380963504096
+380976961284
+380984984414
+380963504096
+380984984414
+380963504096
+380984984414
+380963504096
+380984984414
+380963504096
+380984984414
+380963504096
+380984984414
+380963504096
+380971132090
+380984984414
+380963504096
+380984984414
+380963504096
+380984984414
+380963504096
+380984984414
+380963504096
+380680107852
+380984984414
+380963504096
+380984984414
+380963504096
+380984984414
+380963504096
+380984984414
+380963504096
+380673731824
+380679603219
+380984984414
+380963504096
+380984984414
+380963504096
+380984984414
+380963504096
+380984984414
+380963504096
+380984984414
+380963504096
+380984984414
+380963504096
+380972404012
+380984984414
+380963504096
+380984984414
+380963504096
+380984984414
+380322455492
+380984984414
+380322455492
+380984984414
+380963504096
+380984984414
+380963504096
+380984984414
+380963504096
+380985895065
+380984984414
+380963504096
+380984984414
+380963504096
+380984984414
+380963504096
+380984984414
+380963504096
+380984984414
+380963504096
+380984984414
+380963504096
+380984984414
+380963504096
+380984984414
+380963504096
+380984984414
+380984984414
+380963504096
+380984984414
+380963504096
+380984984414
+380963504096
+380984984414
+380963504096
+380984984414
+380963504096
+380984984414
+380963504096
+380984984414
+380963504096
+380984984414
+380963504096
+380984984414
+380963504096
+380984984414
+380963504096
+380984984414
+380963504096
+380984984414
+380963504096
+380984984414
+380963504096
+380984984414
+380963504096
+380984984414
+380963504096
+380984984414
+380963504096
+380984984414
+380963504096
+380984984414
+380963504096
+380984984414
+380963504096
+380984984414
+380963504096
+380984984414
+380963504096
+380984984414
+380963504096
+380984984414
+380963504096
+380984984414
+380963504096
+380984984414
+380963504096
+380984984414
+380963504096
+380984984414
+380963504096
+380984984414
+380963504096
+380984984414
+380963504096
+380984984414
+380963504096
+380984984414
+380963504096
+380984984414
+380963504096
+380984984414
+380963504096
+380984984414
+380963504096
+380984984414
+380963504096
+380984984414
+380963504096
+380984984414
+380963504096
+380984984414
+380963504096
+380636500350
+380984984414
+380963504096
+380984984414
+380963504096
+380984984414
+380963504096
+380984984414
+380963504096
+380984984414
+380963504096
+380984984414
+380963504096
+380984984414
+380963504096
+380984984414
+380963504096
+380984984414
+380963504096
+380984984414
+380963504096
+380983486519
+380984984414
+380963504096
+380984984414
+380963504096
+380977070610
+380984984414
+380963504096
+380984984414
+380963504096
+380984984414
+380963504096
+380984984414
+380963504096
+380984984414
+380963504096
+380984984414
+380963504096
+380962667411
+380984984414
+380963504096
+380984984414
+380963504096
+380984984414
+380963504096
+380984984414
+380963504096
+380984984414
+380322455492
+380984984414
+380963504096
+380984984414
+380963504096
+380984984414
+380963504096
+380984984414
+380963504096
+380931255082
+380984984414
+380963504096
+380676727192
+380984984414
+380963504096
+380987463219
+380634223634
+380664066160
+380638672406
+380969915571
+380984984414
+380963504096
+380984984414
+380963504096
+380984984414
+380963504096
+380984984414
+380963504096
+380660728438
+380984984414
+380963504096
+380984984414
+380963504096
+380984984414
+380963504096
+380984984414
+380963504096
+380984984414
+380963504096
+380984984414
+380963504096
+380984984414
+380963504096
+380984984414
+380963504096
+380984984414
+380963504096
+380984984414
+380963504096
+380984984414
+380963504096
+380984984414
+380963504096
+380984984414
+380963504096
+380984984414
+380963504096
+380984984414
+380963504096
+380984984414
+380963504096
+380984984414
+380963504096
+380984984414
+380963504096
+380984984414
+380963504096
+380984984414
+380963504096
+380984984414
+380963504096
+380984984414
+380963504096
+380672796782
+380984984414
+380963504096
+380984984414
+380963504096
+380984984414
+380963504096
+380984984414
+380963504096
+380984984414
+380963504096
+380984984414
+380963504096
+380984984414
+380963504096
+380984984414
+380963504096
+380984984414
+380322455492
+380984984414
+380963504096
+380984984414
+380963504096
+380984984414
+380963504096
+380984984414
+380963504096
+380980955687
+380984984414
+380963504096
+380984984414
+380963504096
+380984984414
+380963504096
+380984984414
+380963504096
+380984984414
+380322455492
+380984984414
+380963504096
+380966432509
+380673609183
+380930261613
+380984984414
+380963504096
+380984984414
+380963504096
+380984984414
+380963504096
+380984984414
+380963504096
+380676763314
+380984984414
+380963504096
+380986762170
+380984984414
+380963504096
+380984984414
+380963504096
+380970119411
+380964217544
+380984984414
+380963504096
+380984984414
+380963504096
+380984984414
+380963504096
+380984984414
+380963504096
+380984984414
+380963504096
+380984984414
+380963504096
+380989492229
+380930271328
+380937635147
+380987301881
+380984984414
+380963504096
+380984984414
+380963504096
+380984984414
+380963504096
+380984984414
+380963504096
+380984984414
+380963504096
+380984984414
+380963504096
+380984984414
+380963504096
+380984984414
+380963504096
+380984984414
+380963504096
+380984984414
+380963504096
+380984984414
+380963504096
+380984984414
+380963504096
+380984984414
+380963504096
+380633213962
+380984984414
+380963504096
+380984984414
+380963504096
+380984984414
+380963504096
+380984984414
+380963504096
+380984984414
+380963504096
+380984984414
+380963504096
+380679268663
+380501890372
+380673706566
+380503707690
+380984984414
+380322455492
+380984984414
+380963504096
+380984984414
+380963504096
+380984984414
+380963504096
+380984984414
+380963504096
+380978626767
+380976538353
+380673201863
+380969016763
+380969016763
+380969016763
+380969016763
+380969016763
+380639628885
+380953088380
+380953088380
+380953088380
+380953088380
+380676760910
+380676713558
+380676735896
+380677046260
+380630261613
+380969581560
+380676972033
+380986591242
+380630260643
+380939139077
+380972998285
+380676760910
+380672569738
+380981551575
+380975185573
+380976720509
+380635497822
+380678792936
+380935308008
+380987450315
+380972461677
+380634670379
+380931501595
+380967072957
+380988098377
+380934324321
+380676737960
+380983254004
+380937058600
+380679864405
+380632027513
+380673858508
+380997792079
+380936710377
+380630774873
+380980853626
+380676700293
+380637113641
+380674193958
+380631881822
+380679178453
+380631881822
+380679178453
+380631881822
+380679178453
+380676701625
+380676701625
+380677290340
+380972648019
+380679773742
+380970745600
+380932050369
+380975487290
+380675807366
+380937003262
+380630266979
+380687604827
+380666658545
+380981547053
+380976869992
+380631542610
+380676750633
+380936222607
+380673232070
+380968283652
+380673232112
+380981510592
