+380689888216
+380689888216
+380937882831
+380577510963
+380990936227
+380960092289
+380631897401
+380997119157
+380664128925
+380503430502
+380939491080
+380968610432
+380990936227
+380960092289
+380955790798
+380937107363
+380667317441
+380678929758
+380934803088
+380501579501
+380990686503
+380970632023
+380993353184
+380935228248
+380988782882
+380501814375
+380632480811
+380669184638
+380999570745
+380501998729
+380665679926
+380734760144
+380984484756
+380957082853
+380931377073
+380665829968
+380677638897
+380637310140
+380975849095
+380976509920
+380660961650
+380631390804
+380577510963
+380999681959
+380999681959
+380957492238
+380660961650
+380631390804
+380984465208
+380977725140
+380665679926
+380675749577
+380631416203
+380970295275
+380666199131
+380663347222
+380502838559
+380665679926
+380665679926
+380973776573
+380660536206
+380634270898
+380660961650
+380631390804
+380960862455
+380960862455
+380932544680
+380663202731
+380964061860
+380992551494
+380936023599
+380983000710
+380660961650
+380631390804
+380935448796
+380660961650
+380631390804
+380660961650
+380631390804
+380665679926
+380960302798
+380677638897
+380958666511
+380503032681
+380984687481
+380632761255
+380961766221
+380970288525
+380665679926
+380999681959
+380636964150
+380505200686
+380937785743
+380665141318
+380937785743
+380665141318
+380953173822
+380675753391
+380634270898
+380968609117
+380680689194
+380954910328
+380982290433
+380970233181
+380686081728
+380970233181
+380635046620
+380934453822
+380968610432
+380960862455
+380932900733
+380509422712
+380509055509
+380996237729
+380936648313
+380634111425
+380999681959
+380932900733
+380509422712
+380507498950
+380507498950
+380960308537
+380992933840
+380636211462
+380967588491
+380501888348
+380984484756
+380957082853
+380931377073
+380677082121
+380660961650
+380631390804
+380932900733
+380503250591
+380506331054
+380968610432
+380577567196
+380934803088
+380504744979
+380638463446
+380633239512
+380953173822
+380970233181
+380956800233
+380663347222
+380684889370
+380509422712
+380634111425
+380634111425
+380982290433
+380953173822
+380964385725
+380636389001
+380999270747
+380956800233
+380970233181
+380679999454
+380992784180
+380950634073
+380968610432
+380507214772
+380934016795
+380962866418
+380968610432
+380501814375
+380632480811
+380679854551
+380950634073
+380996536295
+380685189515
+380674922291
+380660976518
+380673160575
+380968610432
+380988325069
+380671782228
+380953173822
+380936290529
+380634789788
+380633461383
+380503010085
+380977897757
+380734772878
+380953017879
+380964385725
+380969689390
+380956800233
+380631360843
+380504002979
+380937506886
+380992914857
+380956800233
+380934844044
+380680799789
+380990052535
+380636964150
+380505200686
+380934453822
+380674282182
+380674982021
+380674282182
+380674282182
+380968279215
+380968279215
+380953173822
+380674982021
+380635120520
+380934453822
+380504002109
+380950634073
+380956800233
+380688051090
+380968279215
+380950634073
+380679398948
+380577594191
+380636389001
+380634624263
+380997205813
+380973026936
+380506621533
+380934016795
+380507214772
+380501676135
+380633461383
+380503010085
+380977897757
+380679398948
+380991170840
+380969689390
+380633461383
+380503010085
+380977897757
+380950634073
+380974506739
+380505834920
+380984484756
+380957082853
+380931377073
+380989219432
+380993775348
+380950634073
+380988430107
+380637634482
+380634883435
+380637899144
+380636964150
+380505200686
+380937785743
+380665141318
+380509440253
+380971753911
+380937785743
+380665141318
+380501814375
+380632480811
+380503279097
+380505711810
+380505711810
+380956800233
+380954910328
+380997119381
+380950634073
+380950634073
+380679398948
+380506621533
+380503279097
+380969689390
+380688051090
+380970288525
+380969689390
+380660830326
+380988903760
+380956800233
+380506621533
+380674282182
+380954044044
+380939098030
+380982018648
+380506331054
+380996453001
+380997119381
+380950634073
+380634789788
+380963777966
+380997442041
+380634522407
+380689541514
+380634624263
+380997205813
+380973026936
+380634624263
+380997205813
+380973026936
+380633461383
+380503010085
+380977897757
+380679398948
+380577594191
+380969689390
+380969689390
+380979504696
+380954377954
+380936649250
+380992705226
+380978451232
+380502322562
+380502290468
+380975424881
+380680651262
+380956373020
+380937785743
+380665141318
+380501814375
+380632480811
+380950634073
+380663053727
+380660832681
+380679398948
+380661766528
+380983526157
+380635255414
+380502393202
+380685806744
+380965786977
+380634789788
+380671899444
+380956564462
+380956438295
+380934206561
+380953585848
+380979877755
+380671899444
+380958120493
+380503038432
+380502290468
+380636729972
+380507682282
+380953585848
+380979877755
+380671899444
+380660301904
+380966536202
+380935615117
+380501877826
+380635097809
+380662055844
+380990151937
+380502290468
+380954044044
+380939098030
+380638384020
+380973021858
+380973230941
+380674994509
+380677336054
+380509543606
+380634156660
+380445811153
+380671899444
+380671899444
+380958120493
+380667104140
+380632970807
+380979148802
+380957487808
+380997752545
+380982396258
+380970010742
+380996691068
+380952094401
+380666993390
+380662527912
+380976307266
+380939890447
+380980482618
+380937245694
+380679299778
+380686050606
+380983745668
+380633239512
+380671899444
+380936631444
+380937245694
+380679299778
+380954044044
+380939098030
+380979654554
+380671899444
+380504744979
+380638463446
+380674994509
+380672990007
+380990151937
+380637610468
+380669147827
+380954775166
+380969195184
+380991355456
+380999033914
+380682508175
+380663023002
+380679901897
+380636136022
+380987289402
+380963406369
+380990965030
+380958120493
+380663053727
+380956373020
+380634770477
+380662464217
+380672990007
+380990151937
+380577507570
+380953288598
+380958120493
+380958120493
+380671899444
+380956373020
+380671899444
+380671899444
+380731698466
+380672531351
+380734797480
+380956373020
+380962726561
+380954044044
+380939098030
+380990811942
+380972927585
+380637610468
+380669147827
+380992795559
+380504744979
+380638463446
+380934088011
+380664046267
+380683331691
+380932454507
+380636136022
+380975650660
+380503256696
+380666993390
+380937877066
+380990668219
+380683431442
+380662991315
+380504744979
+380638463446
+380669862640
+380637610468
+380669147827
+380672531351
+380667225875
+380672531351
+380671899444
+380675771727
+380502295090
+380984656102
+380502709623
+380937550309
+380671899444
+380508548801
+380674198323
+380636964150
+380505200686
+380999033914
+380682508175
+380675771727
+380631207433
+380932441338
+380503256696
+380503256696
+380990811942
+380972927585
+380989309542
+380954044044
+380939098030
+380963911384
+380992777288
+380577507570
+380953288598
+380637611338
+380577611338
+380680644088
+380987480308
+380507761471
+380502382542
+380979654554
+380671899444
+380506823171
+380958120493
+380634665399
+380668887391
+380970348814
+380679538311
+380956373020
+380667225875
+380980934507
+380502334965
+380980934507
+380502334965
+380577553988
+380958120493
+380635912507
+380932755180
+380971756918
+380971756918
+380503038432
+380667225875
+380934537007
+380975106533
+380987289402
+380980934507
+380502334965
+380934836025
+380990659834
+380680175557
+380963911384
+380992777288
+380980934507
+380502334965
+380963406369
+380990965030
+380983507661
+380983745668
+380504002979
+380937506886
+380991444985
+380966006301
+380975650660
+380500302912
+380679672367
+380952094401
+380501009977
+380501827865
+380685505382
+380668782926
+380636647151
+380930442488
+380675771727
+380953288598
+380502295090
+380671899444
+380667225875
+380635912507
+380501814375
+380632480811
+380502373505
+380987480308
+380635912507
+380689031742
+380932880598
+380500302912
+380679672367
+380963911384
+380992777288
+380503038432
+380505000209
+380965600138
+380934803088
+380954525420
+380968147302
+380997730865
+380637610793
+380667225875
+380633239512
+380666191360
+380667226976
+380987480308
+380990439400
+380730205488
+380632268643
+380500302912
+380679672367
+380987480308
+380501588245
+380509028616
+380731698466
+380963911384
+380992777288
+380930671581
+380635117317
+380964519220
+380639529499
+380661377688
+380996412737
+380966491491
+380635912507
+380506055195
+380975650660
+380500418199
+380509723375
+380930528215
+380674165890
+380979822760
+380987480308
+380666984234
+380507524147
+380636964150
+380505200686
+380964903376
+380963406369
+380990965030
+380501884637
+380938611321
+380994830973
+380502848131
+380983507661
+380996157138
+380936359180
+380931503887
+380987480308
+380677336054
+380997778076
+380969071973
+380930933089
+380509350622
+380668664414
+380939123466
+380931503887
+380931503887
+380502373505
+380502382542
+380689031742
+380689031742
+380507524147
+380502373505
+380971756918
+380667225875
+380638059658
+380635912507
+380635912507
+380985555175
+380666168165
+380985673491
+380931503887
+380504002979
+380937506886
+380730205488
+380990811942
+380972927585
+380934245143
+380930442488
+380930442488
+380508875802
+380684395564
+380506983498
+380674265551
+380954687181
+380509275277
+380634111425
+380932454507
+380990629840
+380970125422
+380937614460
+380664379441
+380502622628
+380675796544
+380443323333
+380673227174
+380948323333
+380443323333
+380673227174
+380948323333
+380979654554
+380983745668
+380500302912
+380679672367
+380500302912
+380679672367
+380936193837
+380665322809
+380971756918
+380500302912
+380679672367
+380667225875
+380987480308
+380689031742
+380638059658
+380987480308
+380987480308
+380975276027
+380667225875
+380500302912
+380679672367
+380667225875
+380500816952
+380933115636
+380986728449
+380958847404
+380964554504
+380665655059
+380503231236
+380504744979
+380638463446
+380507146102
+380973768919
+380505209371
+380505209371
+380505209371
+380443323333
+380948323333
+380673227174
+380990936227
+380960092289
+380987480308
+380936388853
+380667225875
+380987480308
+380667225875
+380662446094
+380990835644
+380508875802
+380979654554
+380997646338
+380975650660
+380634111425
+380504744979
+380638463446
+380675627916
+380958847404
+380964554504
+380660418613
+380503231236
+380667225875
+380957903403
+380637611237
+380500302912
+380679672367
+380987480308
+380500816952
+380933115636
+380986728449
+380671072367
+380688980095
+380502382542
+380987480308
+380985555175
+380502163593
+380636052506
+380985917921
+380503231236
+380500302912
+380679672367
+380504744979
+380638463446
+380504744979
+380638463446
+380502295090
+380661678261
+380502622628
+380675796544
+380504744979
+380638463446
+380634111425
+380934245143
+380636377214
+380507146102
+380669215885
+380980564202
+380507146102
+380661884274
+380935062374
+380988547858
+380667559212
+380502295090
+380634111425
+380634111425
+380507524147
+380443323333
+380673227174
+380948323333
+380636964150
+380505200686
+380504744979
+380638463446
+380955158870
+380667225875
+380634111425
+380973768919
+380506246867
+380666984234
+380954525420
+380968147302
+380634111425
+380502622628
+380675796544
+380500302912
+380679672367
+380984484756
+380957082853
+380931377073
+380985555175
+380987480308
+380667225875
+380990936227
+380960092289
+380507146102
+380667225875
+380667225875
+380504744979
+380638463446
+380505209371
+380507146102
+380976858730
+380661678261
+380502622628
+380675796544
+380987480308
+380501827865
+380685505382
+380507146102
+380984484756
+380957082853
+380931377073
+380984484756
+380957082853
+380931377073
+380666984234
+380636964150
+380505200686
+380504744979
+380638463446
+380990835644
+380960701287
+380935286691
+380504744979
+380638463446
+380934803088
+380960701287
+380935286691
+380984484756
+380957082853
+380931377073
+380666984234
+380504744979
+380638463446
+380937785743
+380665141318
+380661678261
+380661678261
+380502622628
+380675796544
+380960701287
+380665540379
+380960701287
+380935286691
+380960701287
+380935286691
+380443323333
+380673227174
+380948323333
+380673594315
+380668640944
+380937259399
+380960701287
+380935286691
+380666168165
+380985673491
+380960701287
+380935286691
+380501979417
+380673594315
+380668640944
+380937259399
+380638874450
+380668821577
+380938012160
+380960701287
+380935286691
+380507162521
+380974636515
+380999566603
+380673062263
+380685331182
+380932959691
+380960108841
+380953987923
+380509814751
+380667453227
+380937616374
+380970014142
+380637611756
+380507530082
+380663892499
+380976800996
+380981011070
+380974311235
+380666010508
+380675705362
+380977374560
+380637027570
+380994454802
+380689945274
+380678496442
+380995516495
+380637612552
+380999366393
+380995513545
+380964820837
+380988265089
+380680899852
+380500116147
+380630242629
+380997560370
+380962518967
+380996636070
+380950474720
+380950474720
+380967656856
+380931848527
+380999033855
+380684975603
+380639193185
+380966302355
+380950474720
+380667272810
+380937616430
+380974311020
+380661998327
+380980835678
+380664378859
+380950474720
+380952990237
+380997375408
+380683171016
+380661998327
+380980835678
+380981011070
+380674994509
+380503244729
+380679804374
+380660161716
+380673761161
+380991172716
+380674994509
+380577566758
+380506246414
+380634597474
+380639193185
+380966302355
+380504740136
+380965141580
+380577507570
+380953288598
+380639193185
+380966302355
+380734771205
+380632598969
+380966321020
+380505250105
+380680644044
+380672696754
+380678011027
+380667493432
+380975543151
+380677328104
+380995386895
+380937500680
+380680640540
+380954686623
+380976396657
+380984316068
+380637215019
+380577507570
+380953288598
+380689952019
+380577507570
+380953288598
+380969689390
+380508356942
+380967002642
+380935452749
+380968308930
+380992474347
+380669564626
+380969689390
+380636216172
+380669013081
+380961565400
+380504002979
+380661417475
+380661361516
+380630294468
+380680708029
+380988418875
+380676086293
+380685357158
+380639193185
+380966302355
+380505065982
+380677817223
+380997626316
+380950900979
+380632612534
+380678339921
+380638029645
+380688933045
+380683198432
+380997825645
+380506194316
+380632480090
+380507018108
+380981520245
+380935353121
+380934988211
+380990318730
+380669076870
+380979239673
+380674220684
+380938118147
+380972999473
+380953910506
+380677354523
+380953431347
+380677045864
+380999819098
+380673937916
+380972999473
+380972999473
+380504744979
+380638463446
+380502195392
+380958847404
+380964554504
+380675750617
+380577507570
+380953288598
+380972999473
+380972999473
+380972999473
+380979699328
+380953214392
+380504052510
+380984484756
+380957082853
+380931377073
+380666968600
+380937785743
+380665141318
+380934803088
+380577507570
+380953288598
+380936649250
+380992705226
+380953288598
+380992558587
+380936617770
+380577507570
+380953288598
+380504744979
+380638463446
+380957658421
+380982473924
+380577507570
+380953288598
+380667317441
+380678929758
+380631959551
+380979018909
+380990596978
+380951571922
+380637699203
+380953911947
+380936649250
+380992705226
+380953585848
+380979877755
+380504744979
+380638463446
+380503038126
+380937785743
+380665141318
+380936649250
+380992705226
+380680618889
+380673937916
+380503038126
+380937785743
+380665141318
+380936649250
+380992705226
+380680618889
+380673937916
+380636964150
+380505200686
+380965110923
+380660067525
+380973979848
+380953911947
+380505209371
+380995237295
+380958114612
+380685342288
+380953585848
+380979877755
+380636964150
+380505200686
+380501827865
+380685505382
+380504744979
+380638463446
+380953585848
+380979877755
+380966048197
+380953585848
+380979877755
+380502330604
+380990596978
+380667671354
+380502336206
+380953585848
+380979877755
+380953585848
+380979877755
+380953585848
+380979877755
+380970536263
+380970536260
+380936649250
+380992705226
+380503038126
+380675882265
+380984484756
+380957082853
+380931377073
+380984484756
+380957082853
+380931377073
+380991670032
+380673937916
+380504744979
+380638463446
+380503233909
+380679927160
+380664743344
+380634497791
+380966811910
+380990596978
+380953911947
+380984484756
+380957082853
+380931377073
+380503023311
+380979715985
+380964035449
+380661788227
+380976817258
+380958424001
+380502848131
+380633819597
+380501827865
+380685505382
+380984484756
+380957082853
+380931377073
+380936649250
+380992705226
+380954937773
+380987480308
+380992081935
+380984676929
+380509440253
+380971753911
+380688857588
+380504009199
+380987480308
+380503005921
+380631452376
+380987480308
+380509975530
+380987847176
+380675750617
+380504744979
+380638463446
+380937860295
+380664369655
+380503038126
+380931697990
+380509440253
+380971753911
+380677529594
+380666016758
+380662710233
+380954525420
+380968147302
+380666016758
+380953911947
+380931697990
+380937785743
+380665141318
+380936290529
+380680618889
+380504744979
+380638463446
+380667792220
+380933089957
+380995459810
+380988509012
+380734651500
+380953911947
+380501827865
+380685505382
+380504744979
+380638463446
+380730205488
+380509105264
+380956240090
+380969847263
+380666571081
+380509440253
+380971753911
+380661788227
+380964035449
+380992027952
+380683149819
+380934377305
+380975692131
+380633819597
+380989756219
+380936313193
+380668778374
+380992914857
+380984484756
+380957082853
+380931377073
+380972927613
+380982679709
+380663407121
+380937210979
+380981931180
+380669586630
+380997114406
+380677745746
+380953027129
+380505757532
+380577510963
+380973697375
+380990156047
+380686055712
+380997114406
+380677745746
+380679133384
+380956189536
+380939419256
+380987480308
+380997114406
+380677745746
+380997114406
+380677745746
+380952990237
+380987480308
+380501814375
+380632480811
+380631959551
+380979018909
+380934803088
+380936290529
+380997114406
+380677745746
+380671274925
+380632094426
+380936649250
+380992705226
+380997114406
+380677745746
+380997114406
+380677745746
+380994844669
+380503229980
+380997114406
+380677745746
+380997114406
+380677745746
+380969098614
+380958819027
+380992551494
+380964035449
+380661788227
+380508463969
+380975650660
+380990596978
+380503244729
+380504744979
+380638463446
+380734420497
+380952990237
+380997114406
+380677745746
+380980581557
+380954944951
+380934803088
+380934803088
+380992034709
+380964441233
+380992034709
+380992034709
+380980581557
+380997877301
+380637606031
+380503233909
+380509640720
+380980581557
+380973908286
+380950063918
+380939475848
+380972984678
+380934803088
+380954131632
+380674982021
+380980581557
+380966001492
+380954131632
+380631959551
+380979018909
+380976817258
+380632363116
+380501800784
+380661739229
+380502162125
+380984231526
+380688804706
+380688804706
+380954072194
+380954072194
+380930225656
+380978422099
+380961922925
+380996057446
+380937070141
+380987292356
+380637610468
+380669147827
+380958847404
+380964554504
+380977886062
+380636188080
+380630647590
+380931385089
+380957487808
+380959020085
+380667317441
+380678929758
+380638041558
+380674794527
+380500302912
+380679672367
+380936657582
+380954835783
+380958847404
+380964554504
+380507383288
+380980901959
+380634347577
+380954320626
+380957487808
+380503630128
+380934803088
+380667570007
+380939567239
+380954525420
+380968147302
+380577507570
+380953288598
+380503244838
+380954835783
+380954320626
+380957487808
+380987480308
+380667317441
+380678929758
+380955944931
+380507650623
+380974975026
+380636145199
+380577507570
+380953288598
+380667317441
+380678929758
+380507650623
+380679320078
+380953288598
+380667317441
+380678929758
+380501858820
+380966231317
+380964838606
+380633555664
+380633555664
+380961947838
+380509152662
+380972927613
+380636568487
+380988314900
+380504067479
+380503038150
+380972699829
+380679198319
+380504744979
+380638463446
+380965690834
+380958759592
+380638874450
+380668821577
+380961452532
+380958759592
+380663620103
+380663620103
+380633555664
+380964838606
+380964838606
+380952990237
+380503019597
+380996789908
+380980395699
+380502321967
+380997119381
+380954320626
+380984484756
+380957082853
+380931377073
+380660731661
+380637189855
+380963685541
+380997119381
+380680873614
+380937250063
+380972816858
+380990596978
+380938151102
+380997627141
+380674982021
+380500302912
+380679672367
+380972601482
+380995237295
+380632160408
+380676058045
+380939645402
+380506491682
+380964385725
+380662064534
+380686077403
+380934016795
+380633044700
+380983564366
+380934803088
+380504744979
+380638463446
+380936649250
+380992705226
+380504744979
+380638463446
+380951146269
+380937917548
+380500302912
+380679672367
+380507214772
+380972799680
+380990805765
+380509559832
+380960308537
+380509347625
+380636389001
+380663623335
+380683313264
+380932882396
+380509723375
+380930528215
+380674165890
+380504744979
+380638463446
+380633461383
+380503010085
+380977897757
+380663623335
+380683313264
+380932882396
+380982752990
+380969717026
+380979504959
+380931201540
+380968081805
+380501814375
+380632480811
+380997315314
+380661038633
+380683145727
+380638903868
+380965948531
+380969741731
+380966048197
+380964385725
+380936649250
+380992705226
+380973176777
+380993101863
+380638629375
+380950762146
+380985938716
+380964385725
+380734824226
+380680697001
+380975650660
+380633461383
+380503010085
+380977897757
+380675767299
+380973176777
+380500243332
+380687288158
+380661079957
+380503010477
+380638059658
+380993101863
+380501827865
+380685505382
+380630481845
+380504006672
+380973176777
+380997119381
+380633461383
+380503010085
+380977897757
+380504012215
+380500302912
+380679672367
+380950631653
+380508463969
+380502290468
+380973176777
+380975151163
+380631274141
+380631274141
+380638059658
+380935660040
+380991214898
+380988589486
+380937917914
+380934803088
+380509491505
+380931634336
+380934803088
+380638059658
+380638059658
+380666860855
+380638059658
+380677228586
+380665804034
+380974526944
+380638059658
+380965476308
+380996156695
+380986517513
+380638059658
+380956666500
+380680650613
+380501827865
+380685505382
+380969717026
+380636873663
+380688804706
+380662427704
+380987774166
+380975279608
+380997715969
+380633276417
+380638059658
+380504252949
+380679947977
+380994830973
+380638874450
+380668821577
+380665548147
+380501814375
+380632480811
+380934803088
+380509777967
+380966268870
+380734652526
+380730205761
+380675728785
+380934803088
+380501827865
+380685505382
+380636964150
+380505200686
+380990936227
+380960092289
+380637031707
+380680894610
+380503279097
+380978561028
+380501827865
+380685505382
+380734810003
+380730205761
+380504061764
+380730205761
+380976817258
+380632363116
+380730205761
+380956773234
+380503019597
+380508393936
+380683429737
+380955747909
+380634141456
+380500302912
+380679672367
+380505333176
+380676642393
+380971679092
+380508393936
+380683429737
+380508886990
+380508393936
+380683429737
+380502772272
+380630435967
+380934803088
+380675468393
+380976817258
+380632363116
+380734829326
+380997568663
+380509546846
+380508393936
+380683429737
+380982693599
+380633819597
+380508393936
+380683429737
+380967062639
+380976817258
+380671050673
+380508393936
+380934803088
+380630673756
+380961234137
+380508393936
+380683429737
+380665322809
+380994830973
+380961234137
+380964687464
+380972592539
+380505646667
+380974574295
+380508393936
+380683429737
+380675716799
+380976240889
+380677781744
+380631444091
+380501827865
+380685505382
+380965130056
+380936023662
+380507893682
+380505606441
+380956373020
+380665322809
+380501814375
+380632480811
+380962186047
+380994700170
+380930142237
+380509316926
+380504744979
+380638463446
+380950634073
+380678651786
+380507146102
+380675744427
+380675744427
+380994700170
+380679142954
+380936647595
+380962186047
+380994700170
+380930142237
+380661788227
+380964035449
+380994795457
+380675740262
+380669600231
+380930566936
+380577507570
+380953288598
+380632191935
+380667862041
+380997831769
+380680796907
+380661782753
+380973018785
+380962186047
+380994700170
+380930142237
+380661748439
+380669600231
+380930566936
+380996156695
+380997831769
+380636964150
+380505200686
+380509440253
+380971753911
+380669600231
+380930566936
+380680796907
+380661748439
+380956033032
+380988527305
+380939409709
+380962186047
+380994700170
+380930142237
+380934803088
+380932521916
+380669600231
+380930566936
+380509440253
+380971753911
+380633504422
+380661788227
+380964035449
+380577507570
+380953288598
+380954255122
+380666168165
+380985673491
+380931120236
+380961234137
+380577507570
+380953288598
+380954044044
+380939098030
+380937689095
+380996156695
+380989169734
+380634591657
+380957118827
+380939129773
+380987517354
+380976977988
+380661788227
+380964035449
+380987517354
+380987517354
+380987517354
+380987517354
+380936058280
+380936058280
+380936058280
+380936058280
+380936058280
+380936058280
+380936058280
+380936058280
+380508088148
+380955004841
+380958022840
+380675762862
+380937210259
+380506196322
+380500610123
+380958847404
+380954554504
+380939409709
+380988084580
+380936058280
+380508088148
+380632310270
+380958847404
+380964554504
+380680796907
+380680796907
+380661748439
+380997831769
+380997831769
+380956033032
+380661748439
+380661782753
+380937689095
+380665322809
+380987453230
+380508088148
+380508088148
+380997251997
+380997251997
+380962434255
+380504023348
+380970288525
+380958022840
+380675762862
+380937210259
+380970558051
+380997471569
+380508088148
+380685338491
+380508088148
+380506339656
+380636253313
+380954044044
+380939098030
+380996237729
+380936648313
+380983745668
+380672733233
+380937617031
+380997575620
+380636488504
+380979505085
+380661782753
+380958022840
+380675762862
+380937210259
+380997893499
+380958847404
+380964554504
+380632310270
+380970288525
+380980934507
+380502334965
+380981912603
+380635999431
+380675752903
+380958725765
+380508088148
+380508088148
+380958759592
+380672705742
+380954910328
+380672531351
+380953334419
+380934533242
+380635117317
+380997251997
+380988527305
+380982548723
+380508088148
+380975316165
+380950634073
+380997251997
+380500816952
+380933115636
+380986728449
+380958847404
+380964554504
+380958847404
+380964554504
+380508088148
+380980934507
+380502334965
+380987453230
+380635117317
+380970010742
+380996691068
+380950634073
+380958022840
+380675762862
+380937210259
+380508088148
+380958847404
+380964554504
+380665173745
+380639191533
+380950634073
+380505711014
+380982548723
+380958847404
+380964554504
+380958847404
+380964554504
+380958847404
+380964554504
+380508088148
+380987453230
+380508088148
+380937689095
+380958022840
+380675762862
+380937210259
+380958022840
+380675762862
+380937210259
+380958022840
+380675762862
+380937210259
+380958022840
+380675762862
+380937210259
+380954044044
+380939098030
+380631223821
+380503231236
+380968103226
+380980934507
+380502334965
+380956033032
+380672531351
+380953334419
+380934533242
+380958022840
+380675762862
+380937210259
+380666168165
+380985673491
+380666168165
+380985673491
+380636488504
+380979505085
+380980934507
+380502334965
+380973773977
+380980934507
+380502334965
+380688051090
+380683958011
+380984021215
+380934453822
+380984021215
+380505711014
+380950634073
+380672733233
+380937617031
+380508088148
+380958022840
+380675762862
+380937210259
+380677453158
+380677453158
+380677453158
+380677453158
+380508088148
+380508088148
+380636488504
+380979505085
+380990936227
+380960092289
+380501814375
+380632480811
+380672733233
+380937617031
+380971756918
+380950634073
+380666993390
+380990936227
+380960092289
+380507601393
+380634108147
+380950634073
+380987480308
+380939944467
+380953212855
+380936647595
+380987453230
+380958022840
+380675762862
+380937210259
+380672705742
+380672705742
+380979434279
+380933194889
+380508088148
+380505800224
+380939409709
+380983476010
+380999563359
+380501006095
+380503231236
+380500816952
+380933115636
+380986728449
+380968629100
+380953334419
+380934533242
+380936649250
+380992705226
+380508474705
+380950634073
+380667225875
+380667225875
+380990936227
+380960092289
+380958847404
+380964554504
+380987480308
+380990936227
+380960092289
+380958022840
+380675762862
+380937210259
+380666993390
+380982548723
+380936161064
+380506246867
+380980934507
+380502334965
+380500302912
+380679672367
+380938018507
+380970632023
+380934803088
+380934803088
+380500302912
+380679672367
+380506246867
+380503231236
+380987480308
+380987480308
+380954525420
+380968147302
+380688980095
+380675702325
+380957960480
+380506246867
+380500302912
+380679672367
+380987480308
+380504744979
+380638463446
+380934803088
+380665322809
+380934803088
+380634111425
+380987480308
+380675702325
+380957960480
+380508088148
+380507146102
+380507146102
+380688804707
+380503630128
+380956032467
+380967125651
+380635258867
+380506246867
+380987480308
+380500302912
+380679672367
+380507146102
+380667225875
+380667225875
+380507146102
+380988924080
+380668395970
+380500302912
+380679672367
+380507146102
+380634111425
+380990835644
+380997415008
+380966905424
+380636367990
+380500302912
+380679672367
+380673890279
+380638874450
+380668821577
+380971756918
+380636964150
+380505200686
+380665322809
+380507146102
+380500302912
+380679672367
+380668782926
+380636647151
+380508088148
+380936649250
+380992705226
+380665322809
+380638874450
+380668821577
+380636964150
+380505200686
+380636964150
+380505200686
+380668782926
+380636647151
+380507146102
+380996237729
+380936648313
+380930606599
+380634111425
+380636964150
+380505200686
+380638874450
+380668821577
+380500302912
+380679672367
+380673890279
+380634111425
+380667225875
+380638874450
+380668821577
+380936649250
+380992705226
+380665322809
+380637610468
+380669147827
+380638874450
+380668821577
+380931409706
+380638874450
+380668821577
+380994454802
+380638874450
+380668821577
+380688980095
+380952251041
+380977784967
+380637709723
+380673890279
+380688980095
+380638874450
+380668821577
+380638874450
+380668821577
+380507146102
+380507524147
+380507592925
+380982569665
+380634111425
+380667225875
+380638874450
+380668821577
+380667225875
+380667225875
+380987480308
+380955158870
+380987480308
+380507146102
+380636964150
+380505200686
+380987480308
+380987480308
+380987480308
+380987480308
+380634111425
+380987480308
+380667225875
+380500302912
+380679672367
+380507146102
+380667225875
+380500302912
+380679672367
+380667226976
+380667225875
+380500302912
+380679672367
+380667225875
+380500302912
+380679672367
+380507146102
+380507146102
+380634111425
+380634111425
+380506246867
+380507146102
+380994454802
+380500302912
+380679672367
+380987480308
+380668782926
+380636647151
+380668782926
+380636647151
+380668782926
+380636647151
+380631786702
+380507146102
+380500302912
+380679672367
+380634111425
+380500302912
+380679672367
+380507146102
+380502622628
+380675796544
+380987480308
+380507146102
+380934803088
+380994454802
+380667225875
+380506246867
+380964403098
+380667225875
+380500302912
+380679672367
+380668782926
+380636647151
+380994454802
+380987480308
+380988924080
+380668395970
+380987480308
+380506246867
+380667225875
+380987480308
+380982002261
+380952115073
+380667225875
+380500302912
+380679672367
+380667225875
+380667246762
+380637591907
+380506246867
+380500302912
+380679672367
+380507146102
+380987480308
+380500302912
+380679672367
+380507146102
+380507146102
+380507146102
+380637161267
+380660142022
+380677505564
+380991911613
+380970600480
+380669764323
+380676493287
+380631267032
+380677505564
+380660547178
+380660547178
+380673594315
+380668640944
+380937259399
+380677505564
+380678011027
+380676048587
+380506468295
+380988914237
+380630446404
+380633854125
+380679398831
+380990902903
+380509484794
+380994074542
+380677662600
+380952990237
+380952990237
+380952990237
+380952990237
+380637112751
+380678644454
+380637112751
+380678644454
+380637112751
+380678644454
+380637112751
+380678644454
+380675752953
+380637112751
+380678644454
+380938079777
+380999312028
+380936580054
+380671892790
+380932758962
+380507385590
+380992352573
+380577629429
+380963191182
+380634395028
+380955390959
+380509417089
+380953288598
+380960613945
+380577507570
+380953288598
+380637112751
+380678644454
+380675739393
+380637112751
+380678644454
+380996008483
+380637112751
+380678644454
+380637112751
+380678644454
+380663637005
+380677390740
+380505918682
+380993230044
+380731697411
+380997540333
+380934184913
+380683980773
+380507150003
+380678546551
+380509076856
+380632682829
+380637112751
+380678644454
+380635928765
+380673158543
+380637112751
+380678644454
+380951190345
+380505985751
+380506979043
+380637112751
+380678644454
+380950474720
+380637112751
+380678644454
+380505985751
+380675781507
+380675245983
+380504740136
+380637112751
+380678644454
+380631274141
+380992142410
+380955773080
+380501353507
+380505919973
+380970810967
+380671111514
+380974217038
+380969540483
+380974391770
+380662297308
+380983855774
+380973789890
+380633772240
+380973789890
+380633772240
+380637610468
+380669147827
+380973789890
+380633772240
+380973789890
+380633772240
+380973789890
+380633772240
+380996008483
+380973371400
+380639724890
+380960701287
+380935286691
+380509028616
+380973789890
+380633772240
+380965436010
+380500237370
+380993101863
+380960701287
+380935286691
+380987447707
+380502370729
+380970853411
+380507820605
+380635088929
+380665732800
+380687979404
+380990303910
+380504252949
+380996367706
+380680278189
+380669583823
+380500237370
+380965436010
+380954044044
+380939098030
+380577507570
+380953288598
+380577507570
+380953288598
+380667906480
+380953288598
+380577507570
+380953288598
+380631203353
+380577507570
+380953288598
+79788554802
+380577507570
+380953288598
+380507475712
+380636494649
+380968125886
+380508521549
+380734760717
+380973015623
+380939593933
+380956138976
+380731573236
+380731573236
+380974952280
+380937785743
+380665141318
+380504252949
+380504715674
+380636964150
+380505200686
+380972452570
+380938678201
+380665423615
+380636964150
+380505200686
+380937785743
+380665141318
+380504744979
+380638463446
+380503244729
+380954525420
+380968147302
+380936649250
+380992705226
+380673674931
+380503013404
+380962198629
+380991504873
+380936290529
+380952990237
+380977780907
+380987480308
+380636964150
+380505200686
+380997119381
+380951361260
+380937785743
+380665141318
+380990596978
+380636964150
+380505200686
+380936649250
+380992705226
+380636964150
+380505200686
+380509440253
+380971753911
+380936649250
+380992705226
+380636964150
+380505200686
+380501827865
+380685505382
+380501814375
+380632480811
+380936649250
+380992705226
+380674363391
+380984484756
+380957082853
+380931377073
+380954525420
+380968147302
+380636964150
+380505200686
+380955773080
+380972452570
+380936290529
+380679878675
+380631093192
+380675758535
+380994868310
+380972452570
+380677237644
+380984484756
+380957082853
+380931377073
+380504744979
+380638463446
+380501814375
+380632480811
+380636964150
+380505200686
+380639599319
+380991459341
+380972452570
+380503013404
+380501814375
+380632480811
+380675720575
+380638162269
+380665627015
+380679788137
+380680618889
+380501827865
+380685505382
+380501827865
+380685505382
+380972452570
+380734829326
+380577510963
+380501827865
+380685505382
+380504744979
+380638463446
+380503013404
+380734829326
+380987847832
+380955773080
+380936290529
+380509440253
+380971753911
+380509440253
+380971753911
+380972452570
+380972853747
+380999360190
+380986060286
+380636964150
+380505200686
+380503021072
+380937785743
+380665141318
+380997114406
+380677745746
+380503021072
+380679008316
+380689116295
+380636964150
+380505200686
+380501814375
+380632480811
+380501827865
+380685505382
+380636964150
+380505200686
+380954525420
+380968147302
+380630509188
+380989650095
+380937617674
+380630509188
+380989650095
+380937617674
+380990596978
+380501827865
+380685505382
+380663133256
+380968035123
+380997992512
+380509440253
+380971753911
+380939734946
+380675464243
+380669119577
+380997114406
+380677745746
+380997114406
+380677745746
+380501735347
+380975116507
+380503640820
+380983865552
+380983865552
+380983865552
+380661788227
+380964035449
+380983865552
+380964035449
+380661788227
+380983865552
+380500302912
+380679672367
+380933006374
+380633027206
+380954525420
+380968147302
+380504744979
+380638463446
+380997717851
+380636964150
+380505200686
+380666174847
+380997114406
+380677745746
+380633578483
+380631700272
+380503032681
+380984687481
+380504744979
+380638463446
+380984484756
+380957082853
+380931377073
+380987480308
+380637610468
+380669147827
+380956970134
+380936290529
+380987480308
+380504740136
+380952058186
+380637610468
+380669147827
+380956970134
+380936290529
+380987480308
+380504740136
+380952058186
+380633504422
+380661788227
+380964035449
+380665322809
+380503032681
+380984687481
+380997114406
+380677745746
+380997114406
+380677745746
+380509510871
+380972699121
+380503032681
+380984687481
+380983807032
+380951569526
+380688802720
+380633504422
+380665940431
+380987480308
+380937617871
+380504744979
+380638463446
+380957704783
+380936290529
+380954525420
+380968147302
+380964035449
+380661788227
+380665721899
+380636389001
+380987480308
+380973751171
+380950903327
+380992427854
+380508131659
+380638193878
+380501827865
+380685505382
+380504744979
+380638463446
+380965141580
+380979396996
+380987480308
+380734639234
+380987480308
+380734639234
+380988924080
+380668395970
+380984484756
+380957082853
+380931377073
+380687262973
+380980829282
+380965141580
+380501827865
+380685505382
+380631223821
+380636656925
+380674545585
+380501827865
+380685505382
+380997631685
+380501376414
+380680852366
+380501827865
+380685505382
+380501814375
+380632480811
+380662798323
+380984484756
+380957082853
+380931377073
+380509440253
+380971753911
+380501814375
+380632480811
+380987480308
+380937785743
+380665141318
+380669875416
+380734829326
+380674231177
+380664686180
+380935332401
+380734829326
+380502813121
+380500302912
+380679672367
+380631959551
+380979018909
+380635725049
+380969865953
+380937887187
+380935332401
+380934871793
+380968500154
+380992215105
+380501827865
+380685505382
+380506388100
+380504744979
+380638463446
+380669126050
+380997631685
+380688804707
+380974811031
+380661998327
+380980835678
+380734829326
+380508805060
+380734829326
+380734829326
+380950551180
+380685193739
+380950631653
+380975334771
+380637381320
+380993751167
+380734829326
+380952990237
+380661268594
+380500302912
+380679672367
+380734829326
+380504740136
+380996604403
+380984113969
+380635755460
+380662741166
+380684876180
+380937785743
+380665141318
+380975154607
+380952990237
+380633461383
+380503010085
+380977897757
+380952173200
+380500302912
+380679672367
+380639191533
+380972927613
+380675750617
+380956746460
+380506339894
+380509717948
+380999456508
+380930132775
+380974546756
+380502288617
+380502288617
+380973371400
+380667317441
+380678929758
+380502288617
+380675877205
+380501324642
+380502288617
+380997631685
+380503244729
+380956746460
+380675750617
+380956746460
+380671751111
+380960390952
+380952157628
+380958037385
+380952106934
+380993280913
+380971683744
+380966384991
+380958037385
+380958037385
+380961961022
+380958037385
+380504022303
+380671228527
+380664054703
+380936166895
+380503244838
+380503244838
+380504740136
+380954073833
+380985502507
+380988282565
+380631955537
+380504740127
+380669996275
+380667317441
+380678929758
+380631955537
+380503244729
+380982290433
+380671895452
+380934717540
+380503244838
+380667317441
+380678929758
+380503435858
+380996243896
+380673578971
+380932956160
+380982290433
+380952232773
+380933963510
+380957372261
+380633977962
+380958736501
+380684898349
+380931503887
+380997199519
+380997199519
+380662228312
+380997199519
+380503435858
+380502382542
+380999260169
+380997199519
+380502382542
+380500138976
+380680620289
+380960308537
+380500302912
+380679672367
+380503435858
+380934803088
+380675750617
+380968609117
+380997114406
+380677745746
+380997252516
+380501814375
+380632480811
+380680644232
+380997114406
+380677745746
+380504744979
+380638463446
+380503435858
+380958864852
+380939837003
+380634789788
+380679314578
+380955044346
+380501745732
+380632578585
+380734664473
+380500302912
+380679672367
+380507295493
+380937616717
+380939096820
+380967191307
+380636964150
+380505200686
+380679400083
+380958037385
+380958037385
+380931201540
+380968081805
+380509559701
+380997892877
+380503525118
+380504740136
+380957774303
+380509355250
+380679922185
+380667578797
+380953552635
+380995180385
+380683317673
+380958037385
+380958037385
+380931201540
+380679321580
+380509440253
+380971753911
+380503244729
+380501333089
+380663841713
+380976415964
+380952990237
+380958037385
+380639864055
+380959066815
+380972173836
+380976286073
+380500743968
+380504079095
+380958037385
+380678782943
+380982519270
+380677225918
+380953638319
+380966533120
+380988527305
+380930836477
+380660165551
+380508069449
+380976991248
+380997721719
+380676073914
+380931524300
+380679220240
+380504014474
+380939400857
+380936649250
+380992705226
+380983979090
+380504015846
+380960308537
+380633819597
+380734772340
+380984896947
+380504744979
+380638463446
+380990596978
+380997893499
+380987862849
+380501827865
+380685505382
+380675877205
+380992507539
+380930836477
+380992507539
+380990053097
+380637144372
+380664743344
+380634497791
+380966811910
+380667260925
+380665141318
+380577510963
+380634124727
+380992507539
+380979683996
+380997721719
+380577510963
+380956907605
+380987220758
+380668272729
+380936549178
+380968458654
+380999368180
+380577702133
+380960308537
+380930836477
+380734796318
+380678926895
+380997114406
+380677745746
+380444961149
+380800300800
+380665679926
+380661573518
+380996345650
+380960392047
+380936648313
+380996237729
+380635991059
+380444961149
+380800300800
+380634111425
+380636389001
+380631959551
+380979018909
+380634007162
+380669535114
+380683982395
+380634007162
+380504744979
+380638463446
+380992736895
+380962718748
+380444961149
+380800300800
+380444961149
+380800300800
+380444961149
+380800300800
+380932909684
+380975106533
+380990681088
+380504744979
+380638463446
+380504744979
+380638463446
+380957668593
+380997114406
+380677745746
+380990669719
+380674231177
+380958022840
+380675762862
+380937210259
+380660939063
+380631652275
+380682484056
+380960392056
+380630232054
+380669535114
+380683982395
+380506379899
+380979683996
+380637121580
+380669093180
+380577507570
+380953288598
+380634007162
+380960308537
+380953288598
+380577507570
+380975106533
+380990681088
+380637606031
+380669535114
+380683982395
+380988527305
+380960888720
+380661573518
+380637133117
+380675790616
+380673851069
+380665657622
+380990811942
+380972927585
+380504744979
+380638463446
+380953288598
+380661998327
+380964385725
+380668479006
+380677770505
+380631222091
+380937785743
+380665141318
+380509717897
+380997892877
+380509440253
+380971753911
+380444961149
+380800300800
+380932959691
+380960108841
+380953987923
+380634789788
+380661998327
+380661981727
+380984305057
+380939609636
+380634007162
+380505827443
+380957217322
+380634532020
+380503640828
+380990811942
+380972927585
+380501719037
+380577507963
+380668045227
+380683311545
+380930580013
+380664743344
+380634497791
+380966811910
+380975106533
+380661998327
+380444961149
+380800300800
+380661424223
+380932959691
+380960108841
+380953987923
+380954044044
+380939098030
+380509546846
+380509546846
+380665679926
+380677770505
+380974652355
+380975626319
+380985886713
+380982553950
+380677770505
+380730286343
+380938935074
+380938935074
+380632404058
+380993052935
+380505827443
+380505711810
+380636389001
+380444961149
+380800300800
+380983426736
+380509546846
+380509440253
+380971753911
+380734772879
+380939782999
+380674982021
+380505711810
+380734781052
+380991916963
+380503019597
+380734781052
+380997119381
+380965786977
+380734781052
+380936693449
+380936693449
+380957487808
+380936693449
+380631652275
+380954044044
+380939098030
+380734781052
+380503019597
+380975650660
+380973307602
+380502939621
+380964385725
+380934016795
+380677770505
+380667316854
+380985495661
+380507359993
+380671035497
+380932959691
+380960108841
+380953987923
+380957487808
+380734781052
+380680641822
+380938934560
+380992936920
+380503229980
+380979647997
+380938611321
+380730286343
+380663623335
+380683313264
+380932882396
+380577508100
+380638263958
+380975650660
+380993052935
+380674231177
+380964385725
+380631593001
+380674231177
+380996335972
+380938935074
+380663623335
+380683313264
+380932882396
+380930512187
+380973545817
+380982553950
+380663623335
+380683313264
+380932882396
+380932454507
+380932454507
+380954098604
+380663623335
+380683313264
+380932882396
+380502249470
+380674982021
+380975650660
+380936045611
+380669147827
+380935710877
+380976982217
+380936249461
+380935332401
+380509568566
+380677056605
+380632454868
+380952405296
+380997721719
+380969572573
+380507122855
+380975322736
+380663623335
+380683313264
+380932882396
+380637610468
+380669147827
+380937638405
+380997119381
+380504744979
+380638463446
+380674982021
+380635722370
+380934016795
+380637606031
+380997877301
+380678396225
+380957255745
+380633461383
+380503010085
+380977897757
+380937558224
+380503231236
+380964200626
+380504744979
+380638463446
+380937785743
+380665141318
+380636964150
+380505200686
+380636964150
+380505200686
+380501827865
+380685505382
+380501814375
+380632480811
+380984484756
+380957082853
+380931377073
+380965461091
+380501933710
+380937321123
+380987321127
+380503231236
+380500816952
+380933115636
+380986728449
+380985542335
+380937332575
+380635117317
+380674982021
+380666174281
+380666993390
+380633638058
+380955382778
+380985542335
+380985542335
+380506339656
+380636253313
+380996505096
+380637185568
+380503231236
+380509389424
+380503279097
+380674982021
+380661725412
+380985542335
+380984484756
+380957082853
+380931377073
+380979434050
+380990835644
+380500164910
+380505909302
+380934016795
+380999120431
+380637606031
+380979434050
+380661725412
+380961844942
+380503279097
+380633461383
+380503010085
+380977897757
+380503039102
+380503279097
+380934016795
+380961247306
+380661725412
+380661969919
+380935968131
+380633461383
+380503010085
+380977897757
+380505909302
+380633461383
+380503010085
+380977897757
+380937705257
+380985542335
+380672429812
+380661725412
+380661725412
+380954171900
+380671305376
+380957809378
+380634111425
+380661725412
+380671445815
+380634111425
+380661725412
+380661725412
+380936649250
+380992705226
+380501814375
+380632480811
+380968640510
+380661725412
+380666168165
+380985673491
+380661725412
+380637111455
+380679058232
+380664666878
+380505909302
+380661725412
+380634111425
+380954245942
+380634111425
+380667225875
+380975379900
+380504744979
+380638463446
+380936649250
+380992705226
+380631959551
+380979018909
+380501827865
+380685505382
+380501827865
+380685505382
+380636964150
+380505200686
+380661725412
+380577507570
+380953288598
+380637111455
+380679058232
+380664666878
+380661725412
+380500302912
+380679672367
+380634111425
+380661725412
+380987480308
+380987480308
+380987480308
+380501814375
+380632480811
+380677271360
+380660358244
+380500729448
+380675784229
+380987480308
+380661725412
+380950623622
+380939525899
+380634111425
+380500302912
+380679672367
+380500302912
+380679672367
+380577507570
+380953288598
+380937785743
+380665141318
+380504744979
+380638463446
+380634111425
+380667225875
+380973292644
+380930742996
+380983933657
+380937785743
+380665141318
+380501814375
+380632480811
+380506572840
+380632268643
+380673890279
+380501827865
+380685505382
+380936290529
+380636964150
+380505200686
+380501814375
+380632480811
+380500302912
+380679672367
+380665322809
+380987480308
+380667225875
+380987480308
+380500302912
+380679672367
+380987480308
+380984324539
+380994610181
+380667225875
+380634111425
+380667225875
+380987480308
+380500302912
+380679672367
+380937785743
+380665141318
+380501827865
+380685505382
+380635117317
+380984484756
+380957082853
+380931377073
+380667225875
+380987480308
+380665322809
+380506572840
+380972171994
+380987480308
+380673594315
+380668640944
+380937259399
+380669862640
+380679403180
+380992565926
+380987480308
+380953854231
+380994454802
+380990936227
+380960092289
+380503244838
+380936649250
+380992705226
+380968295238
+380997693528
+380665322809
+380990835644
+380667225875
+380635117317
+380635117317
+380632021662
+380994454802
+380994454802
+380987480308
+380987480308
+380954900740
+380675764846
+380994454802
+380930934947
+380635117317
+380666168165
+380985673491
+380975560148
+380990835644
+380638059658
+380507383579
+380683958011
+380635224749
+380636008579
+380683958011
+380961581829
+380685331182
+380950631653
+380961581829
+380636008579
+380961581829
+380502603289
+380636008579
+380961581829
+380683958011
+380990478154
+380991362933
+380953048543
+380965164427
+380675793408
+380956175129
+380669535114
+380683982395
+380675793408
+380956175129
+380661224687
+380675767299
+380966047480
+380954617570
+380975201545
+380675767299
+380671218887
+380505026822
+380960612882
+380930895861
+380979321491
+380984240308
+380967707399
+380631533690
+380504038148
+380630771356
+380505909014
+380505909014
+380504038148
+380630771356
+380963224381
+380504038148
+380630771356
+380952990237
+380667856375
+380505026822
+380504038148
+380630771356
+380504038148
+380630771356
+380933566873
+380504038148
+380630771356
+380637112751
+380678644454
+380504038148
+380630771356
+380504038148
+380630771356
+380504038148
+380630771356
+380505026822
+380504038148
+380630771356
+380503033966
+380997467630
+380952990237
+380989486186
+380660541625
+380676018650
+380679245371
+380508709309
+380638874450
+380668821577
+380680686100
+380664643603
+380966940845
+380939411169
+380502189910
+380504022626
+380965436010
+380500237370
+380965141580
+380667650606
+380503244838
+380504252949
+380504740136
+380639680058
+380982976393
+380956992669
+380975201586
+380675705362
+380965141580
+380502042805
+380680897158
+380638644505
+380683420376
+380992293792
+380956800233
+380996008483
+380675705362
+380632307530
+380687595440
+380965436010
+380500237370
+380936730991
+380507115211
+380686082998
+380936730991
+380507115211
+380936730991
+380507115211
+380677482185
+380938931270
+380959203686
+380972332116
+380660433978
+380503244729
+380936730991
+380507115211
+380936730991
+380507115211
+380936730991
+380507115211
+380504740136
+380577507570
+380953288598
+380936730991
+380507115211
+380936730991
+380507115211
+380993517053
+380632043990
+380677152185
+380577507570
+380953288598
+380504740136
+380504740136
+380952990237
+380503244729
+380504740127
+380965436010
+380500237370
+380631310886
+380661743830
+380664644201
+380975053803
+380952990237
+380503244838
+380504740136
+380952990237
+380952990237
+380953959448
+380504740136
+380952990237
+380504740127
+380952990237
+380934544422
+380962321056
+380965436010
+380500237370
+380630721175
+380504740127
+380990522930
+380503244729
+380975024548
+380979398943
+380503244729
+380952990237
+380952990237
+380503229980
+380679827418
+380503244838
+380958714007
+380953288598
+380637112751
+380678644454
+380675795491
+380577507570
+380953288598
+380953288598
+380973297329
+380504715674
+380503244838
+380503244729
+380504740136
+380979521505
+380675750365
+380934432447
+380990596978
+380503244729
+380504740127
+380734465415
+380503244729
+380502540876
+380503244729
+380503244729
+380936290529
+380503244838
+380990773643
+380997465985
+380937556698
+380959148788
+380960701287
+380935286691
+380939217823
+380954089502
+380987444166
+380675400160
+380635309720
+380683135916
+380664442215
+380966300235
+380974526944
+380983489481
+380505837455
+380502739380
+380979414450
+380982248781
+380961202593
+380504035601
+380506414135
+380937618440
+380680899085
+380634111425
+380688804270
+380667317441
+380678929758
+380678898151
+380931391038
+380577628478
+380932291297
+380971305850
+380500302912
+380679672367
+380500302912
+380679672367
+380978544179
+380501827865
+380685505382
+380577628478
+380671984339
+380935502579
+380961753214
+380506324656
+380986460089
+380934959820
+380662464798
+380501827865
+380685505382
+380950507439
+380950631653
+380731253055
+380577628478
+380987092627
+380934345126
+380501411048
+380671984339
+380577628478
+380506898519
+380661445619
+380680419539
+380667317441
+380678929758
+380501309735
+380668479006
+380997251997
+380500302912
+380679672367
+380937785743
+380665141318
+380671984339
+380633819597
+380934803088
+380668479006
+380501814375
+380632480811
+380663300630
+380932185870
+380668479006
+380936020355
+380680132382
+380960701287
+380935286691
+380995180385
+380972481848
+380667023215
+380500302912
+380679672367
+380973789890
+380633772240
+380966048197
+380960701287
+380935286691
+380508548801
+380674198323
+380662422505
+380683958011
+380683958011
+380966048197
+380503876114
+380966048197
+380972927613
+380500302912
+380679672367
+380962414384
+380987480308
+380934803088
+380663681118
+380688271241
+380951740488
+380636143169
+380987480308
+380680707970
+380509030132
+380972170795
+380666606063
+380676227953
+380954214094
+380660307570
+380933201185
+380987480308
+380997831769
+380500302912
+380679672367
+380730205573
+380987480308
+380955158870
+380673890279
+380663681118
+380663620103
+380985555175
+380970374858
+380937785743
+380665141318
+380501827865
+380685505382
+380663681118
+380981540329
+380675749577
+380661445619
+380663620103
+380506911963
+380506388100
+380504744979
+380638463446
+380934910362
+380662991315
+380955158870
+380508768179
+380994091266
+380937618440
+380577191010
+380676832504
+380506911963
+380676832504
+380663841713
+380976415964
+380506388100
+380504744979
+380638463446
+380934910362
+380633752759
+380933754840
+380676832504
+380934910362
+380994110869
+380675793408
+380956175129
+380963853748
+380999652012
+380936648313
+380996237729
+380934910362
+380503035055
+380504744979
+380638463446
+380934373175
+380990596978
+380506911963
+380936649250
+380992705226
+380675749577
+380668782926
+380636647151
+380663841713
+380976415964
+380508611833
+380506911963
+380961202959
+380937785743
+380665141318
+380662991315
+380501814375
+380632480811
+380932485580
+380663841713
+380976415964
+380934803088
+380937785743
+380665141318
+380662557593
+380979191221
+380667225875
+380974420260
+380663841713
+380976415964
+380663841713
+380976415964
+380503233909
+380668782926
+380636647151
+380979394403
+380934803088
+380962922098
+380661573518
+380966047539
+380937785743
+380665141318
+380637917201
+380505950458
+380988611057
+380506841049
+380504744979
+380638463446
+380970632023
+380675741672
+380934373175
+380960844228
+380630418318
+380661292571
+380997441915
+380663841713
+380976415964
+380673032387
+380933404507
+380975319961
+380971403010
+380635184509
+380997001765
+380663841713
+380976415964
+380931697990
+380673032387
+380933404507
+380665176149
+380975319961
+380960844228
+380630418318
+380661292571
+380979394403
+380975319961
+380665452207
+380975396138
+380991096033
+380973765703
+380685193787
+380979394403
+380663841713
+380976415964
+380937785743
+380665141318
+380960701287
+380935286691
+380688804706
+380663841713
+380976415964
+380966048197
+380668782926
+380636647151
+380968295238
+380997693528
+380954236479
+380503233909
+380983982821
+380662991315
+380955474175
+380662991315
+380955474175
+380980239854
+380966048197
+380685193789
+380960701287
+380935286691
+380662991315
+380935671797
+380954520513
+380973580705
+380667243917
+380666364003
+380734639235
+380934752901
+380934670843
+380961501216
+380688804706
+380954463064
+380954578970
+380503233909
+380639566445
+380991884954
+380662991315
+380991774117
+380935332401
+380734883548
+380975316165
+380935332401
+380975276027
+380734883548
+380734883548
+380975276027
+380631288108
+380668527129
+380734883548
+380503233402
+380663122171
+380636574367
+380972437728
+380950597485
+380662991315
+380990812696
+380634583159
+380984123936
+380662991315
+380990812696
+380634583159
+380984123936
+380730286343
+380956373020
+380956373020
+380635602448
+380972780754
+380966312185
+380500302912
+380679672367
+380734421995
+380674486613
+380951484105
+380981582580
+380951484105
+380632747196
+380959267354
+380932959742
+380951484105
+380507295493
+380730205488
+380958054516
+380967396278
+380734421994
+380501929822
+380731697937
+380671235975
+380675779724
+380976817258
+380632363116
+380731697937
+380662263189
+380689200901
+380663304504
+380987092966
+380632201177
+380671235975
+380673426591
+380639219476
+380509440253
+380971753911
+380931824682
+380977362256
+380632201177
+380932589551
+380677529552
+380956969501
+380663304504
+380731697937
+380957365630
+380969206467
+380632201177
+380637123825
+380974339227
+380953113588
+380969607805
+380501929822
+380661782753
+380632201177
+380976817258
+380632363116
+380976817258
+380956373020
+380985511489
+380577510963
+380661782753
+380960456036
+380937618787
+380504180013
+380976817258
+380677352070
+380672705742
+380937060730
+380632201177
+380953113588
+380969607805
+380976817258
+380501929822
+380956373020
+380662991315
+380982318607
+380671235975
+380501938759
+380634347577
+380632201177
+380990577769
+380979292832
+380684876180
+380688804276
+380977511054
+380994454802
+380639834945
+380984021215
+380978573329
+380639834945
+380509356100
+380979221542
+380504744979
+380638463446
+380937695300
+380674907213
+380935180433
+380508805060
+380666277706
+380974237133
+380674993601
+380665899778
+380970045655
+380500302912
+380679672367
+380688804276
+380734845030
+380953113588
+380975749408
+380954067562
+380993052935
+380630129562
+380731350553
+380970045655
+380966505009
+380933212067
+380501827865
+380685505382
+380503030130
+380997119381
+380505877712
+380930747688
+380632830560
+380987434330
+380509776421
+380508088148
+380974237133
+380961272727
+380502340075
+380501827865
+380685505382
+380664282740
+380930664233
+380686874315
+380954110959
+380679744455
+380994099588
+380675591684
+380971935386
+380962989414
+380931297310
+380504309880
+380487943386
+380973917233
+380997106757
+380500173417
+380636628308
+79788362361
+380979828780
+380966810692
+380633574638
+380676300056
+380505425477
+380634199541
+380964380620
+380665592688
+380938620550
+380994915673
+380978008829
+380950355536
+380633772757
+380632285174
+380661333198
+380968610432
+79787362142
+380930197090
+380950706808
+380936642455
+380671427440
+380661709667
+380990936227
+380960092289
+380931464662
+380974144346
