+380989914028
+380989788232
+380984692826
+380633674074
+380984984414
+380963504096
+380677655455
+380978349069
+380984984414
+380963504096
+380967506759
+380984984414
+380963504096
+380930269515
+380984984414
+380963504096
+380938522434
+380506550016
+380677762862
+380960711715
+380952311231
+380677135960
+380984984414
+380963504096
+380673406607
+380976442710
+380634341385
+380986717652
+380984984414
+380963504096
+380984984414
+380963504096
+380984984414
+380963504096
+380986575338
+380973139646
+380639386061
+380639641115
+380986955751
+380973139646
+380639386061
+380976442710
+380634341385
+380674457061
+380633895879
+380992074325
+380978453995
+380964615498
+380982346511
+380673715901
+380975665187
+380973249713
+380976140118
+380990960667
+380638715976
+380936656000
+380988218829
+380677035404
+380673411613
+380937291188
+380974471507
+380981192101
+380976442710
+380634341385
+380673151155
+380964907897
+380673556845
+380976442710
+380634341385
+380676714513
+380676714513
+380676714513
+380676714513
+380988121739
+380984984414
+380963504096
+380957128717
+380630591230
+380979238608
+380979036820
+380631144527
+380984984414
+380963504096
+380984984414
+380963504096
+380676714513
+380976442710
+380634341385
+380633690888
+380986512723
+380676714513
+380970113011
+380984984414
+380963504096
+380676714513
+380970113011
+380676454986
+380639077999
+380970113011
+380970113011
+380970113011
+380970113011
+380970113011
+380970113011
+380970113011
+380984984414
+380963504096
+380676714513
+380970113011
+380970113011
+380630683385
+380970113011
+380970113011
+380970113011
+380631146808
+380981940530
+380976442710
+380634341385
+380970113011
+380970113011
+380984984414
+380963504096
+380970113011
+380979517491
+380984984414
+380963504096
+380986996055
+380986911583
+380984984414
+380963504096
+380984984414
+380963504096
+380685835138
+380639662214
+380984984414
+380963504096
+380685835138
+380639662214
+380685835138
+380639662214
+380685835138
+380639662214
+380685835138
+380639662214
+380685835138
+380639662214
+380685835138
+380639662214
+380685835138
+380639662214
+380685835138
+380639662214
+380636228898
+380685835138
+380639662214
+380685835138
+380639662214
+380676713321
+380689172989
+380970472368
+380676742293
+380968448783
+380689172991
+380679201636
+380968448783
+380984984414
+380963504096
+380968448783
+380968448783
+380679676584
+380686816251
+380984984414
+380963504096
+380984984414
+380963504096
+380984984414
+380963504096
+380984984414
+380963504096
+380673772783
+380686816251
+380686816251
+380686816251
+380686816251
+380686816251
+380686816251
+380686816251
+380686816251
+380672823307
+380633569033
+380686816251
+380952573093
+380965270138
+380985643308
+380931920939
+380673287473
+380631821313
+380686816251
+380676761081
+380678117072
+380674686855
+380969898621
+380631844109
+380967904585
+380966459998
+380969898621
+380631844109
+380444961149
+380800300800
+380969898621
+380682288888
+380688212066
+380633324782
+380993161007
+380984984414
+380963504096
+380984984414
+380963504096
+380969898621
+380973485246
+380984984414
+380963504096
+380971499871
+380997240490
+380504244667
+380672806422
+380977299623
+380676731190
+380676731190
+380676731190
+380980277002
+380980277002
+380980277002
+380937404717
+380671959636
+380938283055
+380677659932
+380967412241
+380982324561
+380682288888
+380982324561
+380938544282
+380982324561
+380979754362
+380966112705
+380674957359
+380676735642
+380633676540
+380630163570
+380680377770
+380988610815
+380967278637
+380688854260
+380980014384
+380966113374
+380984755593
+380931964200
+380322431740
+380632814937
+380508810893
+380969565100
+380939624464
+380679248307
+380677154533
+380674630799
+380664574351
+380677672995
+380962477073
+380930112555
+380677773419
+380666764903
+380930112555
+380677773419
+380930112555
+380677773419
+380677773419
+380930112555
+380677773419
+380930112555
+380682288888
+380930112555
+380677773419
+380930112555
+380930112555
+380677773419
+380930112555
+380677773419
+380930112555
+380677773419
+380931860678
+380931860678
+380931860678
+380931860678
+380931860678
+380931860678
+380931860678
+380673718380
+380673718380
+380673718380
+380673718380
+380975874854
+380988690666
+380676728039
+380676728039
+380973127278
+380969898621
+380631844109
+380989049107
+380505227760
+380989049107
+380630749195
+380676731190
+380673100004
+380634104530
+380950057143
+380976010304
+380675812501
+380937597366
+380667536778
+380982497799
+380630272771
+380671703162
+380979960211
+380679879074
+380972141517
+380930112555
+380677773419
+380677773419
+380930112555
+380930112555
+380677773419
+380975420422
+380961469443
+380677897739
+380673417452
+380632276660
+380972277049
+380688853564
+380688853563
+380673718380
+380676728039
+380673718380
+380676728039
+380673718380
+380677890333
+380673718380
+380673718380
+380673718380
+380673718380
+380673718380
+380676728039
+380671590302
+380674563213
+380676728057
+380673734360
+380673734360
+380673734360
+380673734360
+380673734360
+380673734360
+380680377770
+380676728057
+380673734360
+380673734360
+380973021802
+380935206172
+380673734360
+380673734360
+380673734360
+380673734360
+380676728057
+380673734360
+380676728057
+380676728057
+380676728057
+380677387923
+380675808356
+380932894296
+380984984414
+380963504096
+380984984414
+380963504096
+380984984414
+380963504096
+380984984414
+380963504096
+380984984414
+380963504096
+380677754408
+380984984414
+380963504096
+380984984414
+380963504096
+380686490125
+380677754408
+380676884018
+380982324561
+380982324561
+380982324561
+380686816251
+380971426513
+380982943621
+380965706831
+380971426504
+380962871719
+380683846632
+380972875692
+380971426560
+380984984414
+380963504096
+380984984414
+380963504096
+380984984414
+380963504096
+380984984414
+380963504096
+380965438531
+380984984414
+380963504096
+380631702825
+380984984414
+380963504096
+380987125696
+380677731515
+380986965121
+380967169431
+380686816251
+380987125696
+380666112280
+380666112280
+380987125696
+380630597609
+380688212066
+380993746577
+380676714513
+380676714513
+380984344135
+380936968368
+380984984414
+380963504096
+380984984414
+380963504096
+380677738386
+380676731190
+380686816251
+380509129577
+380977885050
+380984984414
+380963504096
+380676728039
+380982650303
+380984984414
+380963504096
+380984984414
+380963504096
+380676728057
+380984984414
+380322455492
+380961840059
+380673707566
+380984984414
+380963504096
+380984984414
+380963504096
+380976781145
+380676728039
+380676761205
+380679746062
+380676731190
+380984984414
+380963504096
+380984984414
+380963504096
+380673411613
+380937291188
+380984984414
+380963504096
+380953591868
+380935628560
+380639628885
+380661826691
+380936379802
+380673504110
+380506879961
+380975041595
+380984984414
+380963504096
+380984984414
+380963504096
+380976330324
+380679036157
+380503554941
+380504636086
+380503554941
+380504636086
+380984984414
+380963504096
+380984984414
+380963504096
+380676728039
+380680377770
+380984984414
+380963504096
+380680377770
+380680377770
+380984984414
+380963504096
+380984984414
+380963504096
+380984984414
+380963504096
+380984984414
+380963504096
+380682288888
+380682288888
+380682288888
+380682288888
+380960908163
+380672734071
+380984984414
+380963504096
+380984984414
+380963504096
+380984984414
+380963504096
+380984984414
+380963504096
+380984984414
+380963504096
+380965575255
+380950766763
+380965575255
+380950766763
+380671590302
+380980277002
+380980277002
+380671590302
+380980277002
+380980277002
+380980277002
+380671590302
+380671590302
+380671590302
+380638195933
+380676728039
+380676728039
+380985175798
+380504306777
+380957438288
+380671590302
+380635638663
+380687604827
+380666658545
+380673101505
+380680911182
+380637451051
+380678359355
+380937627308
+380984984414
+380963504096
+380984984414
+380963504096
+380984984414
+380963504096
+380984984414
+380963504096
+380444558833
+380674690106
+380504690106
+380732690106
+380984984414
+380963504096
+380984321610
+380984984414
+380963504096
+380984984414
+380963504096
+380672513292
+380984984414
+380963504096
+380683045875
+380630376773
+380952311231
+380952311231
+380989912462
+380952311231
+380984984414
+380963504096
+380677854457
+380984984414
+380963504096
+380986308029
+380630754246
+380984984414
+380963504096
+380984984414
+380963504096
+380957438288
+380984984414
+380963504096
+380985760726
+380984984414
+380963504096
+380955962472
+380955962472
+380676764482
+380974773415
+380971392462
+380984984414
+380963504096
+380673741860
+380984984414
+380963504096
+380959222000
+380676760326
+380984984414
+380963504096
+380984984414
+380963504096
+380959222000
+380973537151
+380984984414
+380963504096
+380959222000
+380959222000
+380959222000
+380984984414
+380322455492
+380984984414
+380963504096
+380984984414
+380963504096
+380445811153
+380984984414
+380963504096
+380984984414
+380963504096
+380984984414
+380963504096
+380959222000
+380676740331
+380959222000
+380673951589
+380932218973
+380959222000
+380676793714
+380984984414
+380963504096
+380984984414
+380963504096
+380957307194
+380679859478
+380984984414
+380963504096
+380984984414
+380972892366
+380676761205
+380671379624
+380968448783
+380987221767
+380990901519
+380993109170
+380671161917
+380688212066
+380633324782
+380993161007
+380968448783
+380688212066
+380633324782
+380993161007
+380505375828
+380639628885
+380984984414
+380963504096
+380685835138
+380639662214
+380981047218
+380936518769
+380666381187
+380632158193
+380674999422
+380984984414
+380963504096
+380984984414
+380963504096
+380685835138
+380639662214
+380983559272
+380507392753
+380997824213
+380688212066
+380633324782
+380993161007
+380984984414
+380963504096
+380984984414
+380963504096
+380982409088
+380953653339
+380635638663
+380687604827
+380666658545
+380984984414
+380963504096
+380686816251
+380984984414
+380963504096
+380938541434
+380676734063
+380984984414
+380963504096
+380984984414
+380963504096
+380984984414
+380963504096
+380503150140
+380632507097
+380677897739
+380975670613
+380982324561
+380982324561
+380982324561
+380982324561
+380982324561
+380982324561
+380978558242
+380676731718
+380966086550
+380679933250
+380509119116
+380634581101
+380633058051
+380987245354
+380981192141
+380968877471
+380935338987
+380673737972
+380986948094
+380673232055
+380673737910
+380673737736
+380987087708
+380961510253
+380978766802
+380986990024
+380986990014
+380633058051
+380984984414
+380963504096
+380939313088
+380979820226
+380984984414
+380963504096
+380984984414
+380963504096
+380984984414
+380963504096
+380984984414
+380963504096
+380984984414
+380963504096
+380935347665
+380978302573
+380679058267
+380935253343
+380635638663
+380679864405
+380959222000
+380679436967
+380635638663
+380687604827
+380687412116
+380984984414
+380963504096
+380984984414
+380963504096
+380984984414
+380963504096
+380635638663
+380635638663
+380687604827
+380635638663
+380687604827
+380635638663
+380687604827
+380984984414
+380963504096
+380635638663
+380687604827
+380630237145
+380635638663
+380673401530
+380635638663
+380687604827
+380635638663
+380972767777
+380635638663
+380978326287
+380982943787
+380683846528
+380984755618
+380978742401
+380635638663
+380687604827
+380635638663
+380687604827
+380681604921
+380984984414
+380963504096
+380984984414
+380963504096
+380984984414
+380963504096
+380677577950
+380634111952
+380984984414
+380963504096
+380957905656
+380985252882
+380975237475
+380984984414
+380963504096
+380676761205
+380933297111
+380938762904
+380636740507
+380930215467
+380630339451
+380636739869
+380938799177
+380938782629
+380634322968
+380933176241
+380667533627
+380980217279
+380965581669
+380974928381
+380630596983
+380630264604
+380993239179
+380984984414
+380963504096
+380993120817
+380667588217
+380667551294
+380632255099
+380993164128
+380667562155
+380984984414
+380963504096
+380631312487
+380631143990
+380935112067
+380984984414
+380963504096
+380930261053
+380673992838
+380962088234
+380974794758
+380937093638
+380934870528
+380634473570
+380632028183
+380982413527
+380952311231
+380502076788
+380972138250
+380993247084
+380930210317
+380931415417
+380960394981
+380930199635
+380632140861
+380938294188
+380633238968
+380993332857
+380938869933
+380673947042
+380938007823
+380631694597
+380673964499
+380931323299
+380931346671
+380975014438
+380984984414
+380963504096
+380937128960
+380952311231
+380636851612
+380636851581
+380938048463
+380633812527
+380636187435
+380984984414
+380963504096
+380935300529
+380935360618
+380937597366
+380985237417
+380952311231
+380632928667
+380952311231
+380952311231
+380964701729
+380984984414
+380963504096
+380974794796
+380975432781
+380933270390
+380932349625
+380934908090
+380634294874
+380952311231
+380931470725
+380934355866
+380952311231
+380984984414
+380963504096
+380938349196
+380952311231
+380952311231
+380952311231
+380931097464
+380931097525
+380952311231
+380952311231
+380932264819
+380938502337
+380964927908
+380963818297
+380965859056
+380963818672
+380952311231
+380952311231
+380984984414
+380963504096
+380986228182
+380952311231
+380984984414
+380963504096
+380984984414
+380963504096
+380984984414
+380963504096
+380984984414
+380963504096
+380630368170
+380673411613
+380937291188
+380672556157
+380961846761
+380931153987
+380950519819
+380673411613
+380937291188
+380961846761
+380673411613
+380937291188
+380673411613
+380937291188
+380673411613
+380937291188
+380986460462
+380673411613
+380937291188
+380687126045
+380671049740
+380984984414
+380963504096
+380984984414
+380963504096
+380686816251
+380685483480
+380671079754
+380957224597
+380634686972
+380985897227
+380981536464
+380634897227
+380984984414
+380963504096
+380984984414
+380963504096
+380984984414
+380963504096
+380931855580
+380679864712
+380990072248
+380982157667
+380974113383
+380677917728
+380984984414
+380963504096
+380984984414
+380322455492
+380984984414
+380963504096
+380984984414
+380963504096
+380984984414
+380963504096
+380984984414
+380963504096
+380505479124
+380675366247
+380676740901
+380676741739
+380982324561
+380639309079
+380982324561
+380982324561
+380636967041
+380974526780
+380982324561
+380504406066
+380677030909
+380671377346
+380966862526
+380677839567
+380969356432
+380937532114
+380673371413
+380673737710
+380673737929
+380678346208
+380671605467
+380984984414
+380963504096
+380673700029
+380673965455
+380984984414
+380963504096
+380984984414
+380963504096
+380984984414
+380963504096
+380984984414
+380963504096
+380984984414
+380963504096
+380963581336
+380671311554
+380981556892
+380638200811
+380984984414
+380963504096
+380984984414
+380963504096
+380969898621
+380963390690
+380969898621
+380937004556
+380972610120
+380984994277
+380984984414
+380963504096
+380937004556
+380972610120
+380969898621
+380969898621
+380630368180
+380962871653
+380974176808
+380969898621
+380937004556
+380972610120
+380673718336
+380938567660
+380974604916
+380982324561
+380936960565
+380931946613
+380678559205
+380682288888
+380984984414
+380963504096
+380982652627
+380969898621
+380970895260
+380984984414
+380963504096
+380984984414
+380963504096
+380984984414
+380963504096
+380984984414
+380963504096
+380671154635
+380984984414
+380963504096
+380630738579
+380676737602
+380678393447
+380938554965
+380501332610
+380636303575
+380667519929
+380984984414
+380322455492
+380630597609
+380688212066
+380993746577
+380630597609
+380688212066
+380993746577
+380672528659
+380984984414
+380963504096
+380985964223
+380676761205
+380676761205
+380676766906
+380984984414
+380963504096
+380972482453
+380984984414
+380963504096
+380984984414
+380963504096
+380984984414
+380963504096
+380984984414
+380963504096
+380984984414
+380963504096
+380984984414
+380963504096
+380972997617
+380984984414
+380963504096
+380957224677
+380671379624
+380934260994
+380984984414
+380963504096
+380935300444
+380674207356
+380984984414
+380963504096
+380984984414
+380963504096
+380984984414
+380963504096
+380984984414
+380322455492
+380444961149
+380800300800
+380632311652
+380984984414
+380963504096
+380686816251
+380444961149
+380800300800
+380686816251
+380984984414
+380963504096
+380984984414
+380963504096
+380686816251
+380677897739
+380686816251
+380673018478
+380633515154
+380970849055
+380678017607
+380936993154
+380986961962
+380633913551
+380679519664
+380509209057
+380968747675
+380639633389
+380983260094
+380984984414
+380963504096
+380984984414
+380963504096
+380984984414
+380963504096
+380984984414
+380963504096
+380984984414
+380963504096
+380959222000
+380984984414
+380963504096
+380984984414
+380963504096
+380984984414
+380963504096
+380630368296
+380673708170
+380680471599
+380932397474
+380987157474
+380984984414
+380963504096
+380633071131
+380984984414
+380963504096
+380676761129
+380671049999
+380984984414
+380963504096
+380984984414
+380963504096
+380984984414
+380963504096
+380984984414
+380963504096
+380984984414
+380963504096
+380984984414
+380963504096
+380984984414
+380963504096
+380987339515
+380507723243
+380984984414
+380322455492
+380984984414
+380963504096
+380984984414
+380963504096
+380984984414
+380963504096
+380635638663
+380687604827
+380984984414
+380963504096
+380984984414
+380963504096
+380984984414
+380963504096
+380679375417
+380984984414
+380963504096
+380635638663
+380687604827
+380984984414
+380963504096
+380984984414
+380963504096
+380984984414
+380963504096
+380984344135
+380936968368
+380936993154
+380634302190
+380984984414
+380963504096
+380984984414
+380963504096
+380978579627
+380984984414
+380963504096
+380984984414
+380963504096
+380984984414
+380963504096
+380984984414
+380963504096
+380984984414
+380963504096
+380959222000
+380984984414
+380963504096
+380984984414
+380963504096
+380984984414
+380963504096
+380987128461
+380987080877
+380984984414
+380963504096
+380984984414
+380963504096
+380984984414
+380963504096
+380638377707
+380984984414
+380963504096
+380984984414
+380963504096
+380984984414
+380963504096
+380677710970
+380676808752
+380682288888
+380984984414
+380963504096
+380676714975
+380938678976
+380984984414
+380322455492
+380984984414
+380322455492
+380984984414
+380963504096
+380672654934
+380637251596
+380984984414
+380963504096
+380984984414
+380963504096
+380984984414
+380963504096
+380984984414
+380963504096
+380984984414
+380963504096
+380980840216
+380931484628
+380987110299
+380634357215
+380987771465
+380931264294
+380968133018
+380931842042
+380971107986
+380639628885
+380685360305
+380978602926
+380967772726
+380965087705
+380984293894
+380630368302
+380989309393
+380685000651
+380685000651
+380685000651
+380952311100
+380685000651
+380685000651
+380952311100
+380682288888
+380685000651
+380952311100
+380685000651
+380952311100
+380633609955
+380685000651
+380952311100
+380685000651
+380952311100
+380970005468
+380996680354
+380978429999
+380936255878
+380681377848
+380985761352
+380972206087
+380938501768
+380984984414
+380963504096
+380987472266
+380984984414
+380963504096
+380967297878
+380934869581
+380638819560
+380984984414
+380963504096
+380984984414
+380963504096
+380934793898
+380962032972
+380992572825
+380984984414
+380963504096
+380984984414
+380963504096
+380634005501
+380673712520
+380984984414
+380963504096
+380935502224
+380984984414
+380963504096
+380996504702
+380984984414
+380963504096
+380665484671
+380984984414
+380963504096
+380984984414
+380963504096
+380634212122
+380934832869
+380984984414
+380963504096
+380979073321
+380984984414
+380963504096
+380984984414
+380963504096
+380984984414
+380963504096
+380984984414
+380963504096
+380931319960
+380984984414
+380963504096
+380984984414
+380963504096
+380638426621
+380984984414
+380963504096
+380984984414
+380963504096
+380984984414
+380963504096
+380688598004
+380984984414
+380963504096
+380688598002
+380984984414
+380963504096
+380984984414
+380963504096
+380984984414
+380963504096
+380984984414
+380963504096
+380984984414
+380963504096
+380984984414
+380963504096
+380984984414
+380963504096
+380984984414
+380963504096
+380984984414
+380963504096
+380984984414
+380963504096
+380984984414
+380963504096
+380984984414
+380963504096
+380984984414
+380963504096
+380984984414
+380963504096
+380984984414
+380963504096
+380984984414
+380963504096
+380984984414
+380963504096
+380986998410
+380638409089
+380506035955
+380671128256
+380678397454
+380986911500
+380986939726
+380679271442
+380961613783
+380673069044
+380966504091
+380634305567
+380984984414
+380963504096
+380984984414
+380963504096
+380681377848
+380984984414
+380963504096
+380984984414
+380963504096
+380984984414
+380963504096
+380984984414
+380963504096
+380984984414
+380963504096
+380984984414
+380963504096
+380984984414
+380963504096
+380984984414
+380963504096
+380978683752
+380936710645
+380679920296
+380984984414
+380963504096
+380975487233
+380984984414
+380963504096
+380984984414
+380963504096
+380932639851
+380984984414
+380963504096
+380984984414
+380963504096
+380984984414
+380984984414
+380963504096
+380984984414
+380963504096
+380984984414
+380963504096
+380984984414
+380963504096
+380973064451
+380984984414
+380963504096
+380984984414
+380963504096
+380984984414
+380963504096
+380984984414
+380963504096
+380984984414
+380963504096
+380984984414
+380963504096
+380984984414
+380963504096
+380984984414
+380963504096
+380984984414
+380963504096
+380984984414
+380963504096
+380984984414
+380963504096
+380985272588
+380984323343
+380676745452
+380676726208
+380503778826
+380984984414
+380963504096
+380984984414
+380963504096
+380984984414
+380963504096
+380984984414
+380963504096
+380984984414
+380963504096
+380984984414
+380963504096
+380984984414
+380963504096
+380984984414
+380963504096
+380984984414
+380963504096
+380984984414
+380963504096
+380984984414
+380963504096
+380984984414
+380963504096
+380672903894
+380984984414
+380322455492
+380984984414
+380963504096
+380984984414
+380963504096
+380984984414
+380963504096
+380984984414
+380963504096
+380984984414
+380963504096
+380984984414
+380963504096
+380984984414
+380963504096
+380984984414
+380963504096
+380984984414
+380963504096
+380984984414
+380963504096
+380984984414
+380963504096
+380984984414
+380963504096
+380984984414
+380963504096
+380984984414
+380963504096
+380984984414
+380963504096
+380984984414
+380963504096
+380984984414
+380322455492
+380984984414
+380963504096
+380984984414
+380963504096
+380984984414
+380963504096
+380984984414
+380963504096
+380984984414
+380963504096
+380984984414
+380963504096
+380689173609
+380639628885
+380634005392
+380984984414
+380963504096
+380984984414
+380963504096
+380984984414
+380322455492
+380984984414
+380963504096
+380984984414
+380963504096
+380984984414
+380963504096
+380984984414
+380963504096
+380984984414
+380963504096
+380984984414
+380963504096
+380679284686
+380934453330
+380984984414
+380963504096
+380984984414
+380963504096
+380984984414
+380963504096
+380984984414
+380963504096
+380984984414
+380963504096
+380984984414
+380963504096
+380977154142
+380984984414
+380963504096
+380984984414
+380963504096
+380984984414
+380963504096
+380673923954
+380984984414
+380963504096
+380679398047
+380673706895
+380676755328
+380930145383
+380673089265
+380984984414
+380963504096
+380984984414
+380963504096
+380984984414
+380963504096
+380992523626
+380984984414
+380963504096
+380984984414
+380963504096
+380984984414
+380963504096
+380984984414
+380963504096
+380678539530
+380673078013
+380984984414
+380963504096
+380984984414
+380963504096
+380676623294
+380984984414
+380963504096
+380984984414
+380963504096
+380984984414
+380963504096
+380984984414
+380963504096
+380984984414
+380963504096
+380984984414
+380963504096
+380675366247
+380984984414
+380963504096
+380984984414
+380963504096
+380984984414
+380963504096
+380984984414
+380963504096
+380984984414
+380963504096
+380965401778
+380984984414
+380963504096
+380984984414
+380963504096
+380984984414
+380963504096
+380984984414
+380963504096
+380984984414
+380963504096
+380984984414
+380963504096
+380984984414
+380963504096
+380984984414
+380963504096
+380984984414
+380963504096
+380984984414
+380963504096
+380984984414
+380963504096
+380984984414
+380963504096
+380984984414
+380963504096
+380964579727
+380984984414
+380963504096
+380984984414
+380963504096
+380984984414
+380963504096
+380984984414
+380963504096
+380984984414
+380963504096
+380984677891
+380984984414
+380963504096
+380984984414
+380963504096
+380984984414
+380963504096
+380984984414
+380963504096
+380984984414
+380963504096
+380984984414
+380963504096
+380984984414
+380963504096
+380984984414
+380963504096
+380984984414
+380963504096
+380984984414
+380963504096
+380984984414
+380963504096
+380984984414
+380963504096
+380984984414
+380963504096
+380984984414
+380963504096
+380984984414
+380963504096
+380984984414
+380963504096
+380984984414
+380963504096
+380984984414
+380963504096
+380984984414
+380963504096
+380984984414
+380963504096
+380984984414
+380963504096
+380984984414
+380963504096
+380984984414
+380963504096
+380984984414
+380963504096
+380984984414
+380963504096
+380984984414
+380963504096
+380984984414
+380963504096
+380962020394
+380630774188
+380984984414
+380963504096
+380984984414
+380963504096
+380984984414
+380963504096
+380937349378
+380951300501
+380984984414
+380963504096
+380984984414
+380963504096
+380984984414
+380963504096
+380984984414
+380963504096
+380984984414
+380963504096
+380984984414
+380963504096
+380984984414
+380322455492
+380984984414
+380963504096
+380984984414
+380963504096
+380984984414
+380963504096
+380984984414
+380963504096
+380984984414
+380963504096
+380984984414
+380963504096
+380984984414
+380963504096
+380984984414
+380963504096
+380984984414
+380963504096
+380984984414
+380963504096
+380984984414
+380963504096
+380984984414
+380963504096
+380984984414
+380963504096
+380975934483
+380679988894
+380677746613
+380931099237
+380671344562
+380687258193
+380986997095
+380934348018
+380676749979
+380984984414
+380963504096
+380984984414
+380963504096
+380984984414
+380963504096
+380984984414
+380963504096
+380984984414
+380963504096
+380976587007
+380633588314
+380960307390
+380632873764
+380676013724
+380677549883
+380938341720
+380964606999
+380634898803
+380972675314
+380932902108
+380968490670
+380978685988
+380989230577
+380673534684
+380677312525
+380639628885
+380971151526
+380676758915
+380676714224
+380938850079
+380938585313
+380673231742
+380685372268
+380639652505
+380974404299
+380677703726
+380672521375
+380637826952
+380931456159
+380936993154
+380971426560
+380504300270
+380986288808
+380508458075
+380683110230
+380933217779
+380996166788
+48606281800
+380951842852
+380937046531
+380631955235
+380665146805
+380673131978
+380978602926
+380635772861
+380678950969
+380639389389
+380963553030
+380965181728
+380679019054
+380503725151
+380679267057
+380980617566
+380630326344
+380955775713
+380989314900
+380971109922
+380937974980
+380936993154
+380936572972
+380966079900
+380934215979
+380974749091
+380937126876
+380937126876
+380937126876
+380632152940
+380964484000
+380979050805
+380931468025
+380958154446
+380931468025
+380977981297
+380931468025
+380630743564
+380677065628
+380677065628
+380976619366
+380986002719
+380972648019
+380986002719
+380677290340
+380986002719
+380988006677
+380975605921
+380988006677
+380443600922
+380687549149
+380930982870
+380975605921
+380939264710
+380975605921
+380443600922
+380939264710
+380676702478
+380676702478
+380983057174
+380677954219
+380677954219
+380677741544
+380981510934
+380677741544
+380987528883
+380981510934
+380677741544
+380979685020
+380967416480
+380500706982
+380676747581
+380964210430
+380633298720
+380975097200
+380932390258
+380975097200
+380932390258
+380934378285
+380937987121
+380932289271
+380676713592
+380630168811
