+380986029331
+380986029331
+380930817725
+380933676910
+380972202837
+380972202837
+380933058973
+380934399214
+380673943522
+380673700701
+380661094468
+380673700701
+380632271229
+380970315970
+380673737911
+380991734545
+380673737911
+380991734545
+380673737911
+380991734545
+380673737911
+380991734545
+380639444496
+380500752201
+380960339919
+380661147247
+380981281638
+380632154083
+380673700701
+380666749249
+380974787407
+380986348920
+380500280911
+380632486629
+380975753236
+380952581609
+380442280452
+380442280452
+380442280452
+380442280452
+380675800508
+380930817725
+380673700701
+380671802375
+380986029331
+380442280452
+380968413764
+380673230411
+380968367929
+380995242109
+380957625000
+380679760448
+380442280452
+380976484133
+380500726840
+380984493983
+380937153685
+380673228238
+380630780482
+380662454025
+380322322773
+380676723463
+380983328970
+380983328970
+380983328970
+380950565827
+380979238474
+380986833619
+380950766763
+380986833619
+380950766763
+380673228238
+380630780482
+380662454025
+380322322773
+380986833619
+380950766763
+380442280452
+380442280452
+380442280452
+380632910059
+380672848244
+380936627283
+380442280452
+380442280452
+380986833619
+380950766763
+380442280452
+380442280452
+380442280452
+380442280452
+380442280452
+380442280452
+380442280452
+380442280452
+380442280452
+380442280452
+380442280452
+380442280452
+380442280452
+380442280452
+380442280452
+380442280452
+380442280452
+380442280452
+380442280452
+380938554965
+380938554965
+380970501462
+380734888767
+380965335969
+380734143630
+380442280452
+380442280452
+380442280452
+380938554965
+380442280452
+380672535600
+380676079722
+380966115669
+380635868262
+380509665064
+380509665064
+380933058973
+380677907206
+380442280452
+380639444496
+380500752201
+380960339919
+380442280452
+380442280452
+380442280452
+380442280452
+380442280452
+380689673313
+380689673313
+380442280452
+380673707566
+380324751355
+380442280452
+380937512785
+380962960639
+380962960639
+380962960639
+380689670779
+380689670779
+380979458019
+380689670779
+380442280452
+380936395982
+380976614047
+380956953294
+380976614047
+380956953294
+380976614047
+380956953294
+380442280452
+380442280452
+380442280452
+380442280452
+380966862449
+380993770474
+380984052847
+380936543172
+380950890242
+380969822627
+380931345631
+380505704355
+380975540158
+380666749249
+380974787407
+380982941299
+380442280452
+380673430339
+380442280452
+380950890242
+380677011252
+380500717699
+380673001400
+380937117891
+380993473573
+380680351776
+380676862746
+380676862746
+380676862746
+380442280452
+380976500808
+380976500808
+380976500808
+380639626585
+380639626585
+380639626585
+380507466170
+380507466170
+380507466170
+380442280452
+380662150602
+380662150602
+380983563937
+380983563937
+380983563937
+380666362337
+380666362337
+380666362337
+380938552025
+380662150602
+380938552025
+380954404393
+380674907800
+380677852891
+380677852891
+380676971727
+380673391567
+380673391567
+380937569173
+380988567779
+380938552025
+380935016144
+380935016144
+380935016144
+380442280452
+380442280452
+380442280452
+380442280452
+380442280452
+380442280452
+380937569173
+380988567779
+380669234483
+380938379871
+380965185856
+380502319924
+380677600837
+380937347872
+380937347872
+380442280452
+380442280452
+380442280452
+380442280452
+380442280452
+380442280452
+380442280452
+380442280452
+380442280452
+380442280452
+380442280452
+380972398246
+380442280452
+380442280452
+380442280452
+380442280452
+380442280452
+380442280452
+380442280452
+380442280452
+380442280452
+380442280452
+380442280452
+380442280452
+380971889371
+380673707566
+380324751355
+380974801305
+380974801305
+380974801305
+380501545334
+380938210997
+380442280452
+380442280452
+380442280452
+380442280452
+380442280452
+380677778522
+380954464336
+380954464336
+380954464336
+380677361838
+380633591278
+380960999929
+380636833303
+380678037183
+380500294138
+380930257293
+380442280452
+380442280452
+380442280452
+380442280452
+380442280452
+380442280452
+380442280452
+380442280452
+380442280452
+380442280452
+380442280452
+380442280452
+380442280452
+380442280452
+380442280452
+380988024447
+380631713778
+380931289515
+380672711279
+380977426387
+380676712471
+380442280452
+380442280452
+380442280452
+380442280452
+380442280452
+380442280452
+380442280452
+380442280452
+380442280452
+380935792626
+380679079452
+380982551067
+380677537946
+380995315014
+380638800816
+380730446996
+380730446996
+380730446996
+380442280452
+380442280452
+380442280452
+380933676910
+380442280452
+380442280452
+380442280452
+380673401875
+380673401875
+380673401875
+380676767978
+380500543000
+380508580265
+380442280452
+380442280452
+380442280452
+380442280452
+380442280452
+380442280452
+380442280452
+380442280452
+380442280452
+380442280452
+380965633227
+380639619821
+380442280452
+380442280452
+380442280452
+380442280452
+380442280452
+380442280452
+380442280452
+380442280452
+380442280452
+380442280452
+380442280452
+380442280452
+380442280452
+380442280452
+380442280452
+380442280452
+380442280452
+380442280452
+380442280452
+380442280452
+380442280452
+380442280452
+380442280452
+380442280452
+380442280452
+380442280452
+380442280452
+380442280452
+380442280452
+380442280452
+380442280452
+380442280452
+380442280452
+380442280452
+380442280452
+380442280452
+380442280452
+380442280452
+380442280452
+380442280452
+380442280452
+380442280452
+380442280452
+380442280452
+380442280452
+380442280452
+380442280452
+380442280452
+380442280452
+380442280452
+380442280452
+380442280452
+380442280452
+380442280452
+380442280452
+380442280452
+380442280452
+380442280452
+380442280452
+380442280452
+380442280452
+380442280452
+380442280452
+380442280452
+380442280452
+380442280452
+380442280452
+380442280452
+380442280452
+380442280452
+380442280452
+380442280452
+380442280452
+380442280452
+380442280452
+380442280452
+380442280452
+380442280452
+380442280452
+380442280452
+380442280452
+380442280452
+380442280452
+380442280452
+380442280452
+380442280452
+380442280452
+380442280452
+380442280452
+380442280452
+380442280452
+380686483900
+380503703665
+380964068558
+380633700680
+380970001542
+380970001542
+380970001542
+380442280452
+380442280452
+380442280452
+380442280452
+380442280452
+380442280452
+380442280452
+380442280452
+380442280452
+380442280452
+380442280452
+380442280452
+380442280452
+380442280452
+380442280452
+380442280452
+380442280452
+380442280452
+380442280452
+380442280452
+380442280452
+380442280452
+380442280452
+380442280452
+380442280452
+380442280452
+380442280452
+380442280452
+380442280452
+380442280452
+380442280452
+380442280452
+380442280452
+380442280452
+380442280452
+380442280452
+380931353676
+380986348920
+380500280911
+380632486629
+380986348920
+380500280911
+380632486629
+380679080459
+380442280452
+380442280452
+380442280452
+380975949800
+380636712386
+380973065488
+380989897000
+380969118611
+380972184021
+380978833296
+380931341147
+380442280452
+380442280452
+380442280452
+380442280452
+380442280452
+380442280452
+380442280452
+380442280452
+380442280452
+380442280452
+380442280452
+380442280452
+380442280452
+380442280452
+380442280452
+380442280452
+380442280452
+380442280452
+380442280452
+380442280452
+380442280452
+380442280452
+380442280452
+380442280452
+380442280452
+380442280452
+380442280452
+380442280452
+380442280452
+380442280452
+380442280452
+380442280452
+380442280452
+380442280452
+380442280452
+380442280452
+380442280452
+380442280452
+380442280452
+380442280452
+380442280452
+380442280452
+380442280452
+380442280452
+380442280452
+380442280452
+380442280452
+380442280452
+380442280452
+380442280452
+380442280452
+380442280452
+380442280452
+380442280452
+380442280452
+380442280452
+380442280452
+380442280452
+380442280452
+380442280452
+380442280452
+380442280452
+380442280452
+380442280452
+380442280452
+380442280452
+380442280452
+380442280452
+380442280452
+380442280452
+380442280452
+380442280452
+380442280452
+380442280452
+380442280452
+380442280452
+380442280452
+380442280452
+380442280452
+380442280452
+380442280452
+380442280452
+380442280452
+380442280452
+380442280452
+380442280452
+380442280452
+380442280452
+380442280452
+380442280452
+380442280452
+380442280452
+380442280452
+380442280452
+380442280452
+380442280452
+380442280452
+380442280452
+380442280452
+380442280452
+380442280452
+380442280452
+380442280452
+380442280452
+380442280452
+380442280452
+380442280452
+380442280452
+380442280452
+380442280452
+380442280452
+380442280452
+380442280452
+380442280452
+380442280452
+380442280452
+380442280452
+380442280452
+380442280452
+380442280452
+380442280452
+380442280452
+380442280452
+380442280452
+380442280452
+380442280452
+380442280452
+380442280452
+380442280452
+380442280452
+380442280452
+380442280452
+380442280452
+380442280452
+380442280452
+380442280452
+380442280452
+380442280452
+380442280452
+380442280452
+380442280452
+380442280452
+380442280452
+380442280452
+380442280452
+380442280452
+380442280452
+380442280452
+380442280452
+380442280452
+380442280452
+380442280452
+380442280452
+380442280452
+380442280452
+380442280452
+380442280452
+380442280452
+380442280452
+380442280452
+380442280452
+380442280452
+380442280452
+380442280452
+380442280452
+380442280452
+380442280452
+380442280452
+380442280452
+380442280452
+380442280452
+380442280452
+380442280452
+380442280452
+380442280452
+380442280452
+380442280452
+380442280452
+380442280452
+380442280452
+380442280452
+380442280452
+380442280452
+380442280452
+380442280452
+380442280452
+380442280452
+380442280452
+380442280452
+380442280452
+380442280452
+380442280452
+380442280452
+380442280452
+380442280452
+380442280452
+380442280452
+380442280452
+380442280452
+380442280452
+380442280452
+380442280452
+380442280452
+380442280452
+380442280452
+380442280452
+380442280452
+380442280452
+380442280452
+380442280452
+380442280452
+380442280452
+380442280452
+380442280452
+380442280452
+380442280452
+380442280452
+380442280452
+380442280452
+380442280452
+380442280452
+380442280452
+380442280452
+380442280452
+380442280452
+380442280452
+380442280452
+380442280452
+380442280452
+380442280452
+380442280452
+380442280452
+380442280452
+380442280452
+380442280452
+380442280452
+380442280452
+380442280452
+380442280452
+380442280452
+380442280452
+380442280452
+380442280452
+380442280452
+380442280452
+380442280452
+380442280452
+380442280452
+380442280452
+380442280452
+380442280452
+380442280452
+380442280452
+380677698181
+380442280452
+380442280452
+380931353676
+380679079452
+380672845848
+380442280452
+380996094576
+380996094576
+380676720716
+380634417909
+380967869950
+380679079452
+380442280452
+380442280452
+380442280452
+380442280452
+380996094576
+380442280452
+380960810777
+380954241996
+380954241996
+380954241996
+380986029331
+380986029331
+380442280452
+380442280452
+380442280452
+380442280452
+380442280452
+380442280452
+380442280452
+380442280452
+380442280452
+380442280452
+380442280452
+380442280452
+380442280452
+380442280452
+380442280452
+380442280452
+380442280452
+380442280452
+380442280452
+380442280452
+380442280452
+380442280452
+380442280452
+380442280452
+380442280452
+380442280452
+380442280452
+380442280452
+380442280452
+380442280452
+380442280452
+380442280452
+380442280452
+380442280452
+380442280452
+380442280452
+380442280452
+380442280452
+380442280452
+380442280452
+380442280452
+380442280452
+380442280452
+380442280452
+380442280452
+380442280452
+380972398246
+380993735075
+380677046889
+380967972109
+380442280452
+380632154083
+380442280452
+380442280452
+380442280452
+380442280452
+380442280452
+380964867570
+380665275044
+380939939296
+380966558328
+380676079722
+380676079722
+380442280452
+380442280452
+380442280452
+380442280452
+380442280452
+380442280452
+380442280452
+380442280452
+380442280452
+380442280452
+380442280452
+380442280452
+380442280452
+380442280452
+380442280452
+380442280452
+380442280452
+380442280452
+380442280452
+380442280452
+380442280452
+380442280452
+380442280452
+380442280452
+380442280452
+380442280452
+380442280452
+380442280452
+380442280452
+380442280452
+380442280452
+380442280452
+380442280452
+380442280452
+380442280452
+380442280452
+380442280452
+380442280452
+380442280452
+380442280452
+380442280452
+380442280452
+380442280452
+380442280452
+380442280452
+380442280452
+380442280452
+380442280452
+380442280452
+380442280452
+380442280452
+380442280452
+380442280452
+380442280452
+380442280452
+380442280452
+380442280452
+380442280452
+380442280452
+380442280452
+380442280452
+380442280452
+380442280452
+380442280452
+380442280452
+380442280452
+380442280452
+380442280452
+380442280452
+380442280452
+380442280452
+380442280452
+380442280452
+380442280452
+380442280452
+380442280452
+380442280452
+380442280452
+380442280452
+380442280452
+380442280452
+380442280452
+380442280452
+380442280452
+380442280452
+380442280452
+380502352778
+380938545057
+380677600837
+380931091200
+380442280452
+380442280452
+380442280452
+380442280452
+380442280452
+380442280452
+380442280452
+380442280452
+380442280452
+380442280452
+380930393830
+380442280452
+380442280452
+380442280452
+380989225035
+380997773711
+380632506581
+380976624621
+380636887900
+380981265589
+380981559383
+380442280452
+380981559383
+380639940434
+380986071942
+380960730012
+380934883883
+380975151736
+380639785710
+380639785713
+380950787304
+380952211886
+380678011694
+380635882906
+380679473062
+380634419117
+380937571492
+380938312288
+380676743598
+380679114526
+380679410222
+380634807566
+380963107572
+380676974211
+380500537532
+380938849121
+380675010381
+380680376818
+380951103111
+380678600006
+380630270720
+380991735599
+380676749000
+380954816313
+380672094400
+380442094400
+380672094400
+380442094400
+380672094400
+380442094400
+380672094400
+380442094400
+380673534644
+380672094400
+380442094400
+380672094400
+380442094400
+380672094400
+380442094400
+380672094400
+380442094400
+380672094400
+380442094400
+380672094400
+380442094400
+380672094400
+380442094400
+380672094400
+380442094400
+380672094400
+380442094400
+380672094400
+380442094400
+380972487147
+380972568768
+380672094400
+380442094400
+380672094400
+380442094400
+380672094400
+380442094400
+380672094400
+380442094400
+380672094400
+380442094400
+380672094400
+380442094400
+380672094400
+380442094400
