+380990589665
+380932414615
+380679519168
+380506844745
+380442273025
+380679519168
+380506844745
+380442273025
+380502126520
+380939497709
+380688640310
+380970525354
+380939497709
+380688640310
+380962226665
+380630585099
+380975812758
+380631994735
+380990589665
+380975812758
+380631994735
+380936001020
+380666957378
+380936001020
+380666957378
+380632378712
+380503818286
+380632378712
+380503818286
+380442236446
+380661417157
+380930660883
+380632378712
+380503818286
+380632378712
+380503818286
+380442236446
+380661417157
+380930660883
+380975812758
+380631994735
+380957775788
+380632375588
+380957775788
+380632375588
+380957775788
+380632375588
+380957775788
+380632375588
+380957775788
+380632375588
+380957775788
+380632375588
+380957775788
+380632375588
+380957775788
+380632375588
+380957775788
+380632375588
+380664574441
+380506354103
+380957775788
+380632375588
+380957775788
+380632375588
+380957775788
+380632375588
+380957775788
+380632375588
+380957775788
+380632375588
+380957775788
+380632375588
+380957775788
+380632375588
+380957775788
+380632375588
+380957775788
+380632375588
+380977333727
+380977333727
+380977333727
+380977333727
+380977333727
+380977333727
+380977333727
+380509660042
+380982504088
+380637300101
+380957775788
+380632375588
+380637300101
+380637300101
+380637300101
+380637300101
+380637300101
+380637300101
+380637300101
+380637300101
+380637300101
+380637300101
+380957775788
+380632375588
+380957775788
+380632375588
+380939573040
+380677398722
+380991536434
+380677398722
+380991536434
+380442280452
+380442280452
+380442280452
+380442280452
+380989080137
+380442280452
+380442280452
+380442280452
+380442280452
+380442280452
+380442280452
+380442280452
+380442280452
+380442280452
+380442280452
+380442280452
+380442280452
+380442280452
+380442280452
+380442280452
+380442280452
+380442280452
+380442280452
+380442280452
+380442280452
+380442280452
+380442280452
+380442280452
+380442280452
+380442280452
+380442280452
+380442280452
+380442280452
+380442280452
+380442280452
+380442280452
+380442280452
+380442280452
+380442280452
+380442280452
+380442280452
+380442280452
+380442280452
+380442280452
+380442280452
+380442280452
+380442280452
+380442280452
+380442280452
+380442280452
+380442280452
+380442280452
+380442280452
+380442280452
+380442280452
+380442280452
+380442280452
+380442280452
+380442280452
+380442280452
+380442280452
+380442280452
+380442280452
+380442280452
+380442280452
+380442280452
+380442280452
+380442280452
+380442280452
+380442280452
+380442280452
+380442280452
+380442280452
+380442280452
+380442280452
+380442280452
+380442280452
+380442280452
+380442280452
+380442280452
+380442280452
+380442280452
+380442280452
+380442280452
+380442280452
+380442280452
+380442280452
+380442280452
+380442280452
+380442280452
+380442280452
+380442280452
+380442280452
+380442280452
+380442280452
+380442280452
+380442280452
+380442280452
+380442280452
+380442280452
+380442280452
+380442280452
+380442280452
+380442280452
+380442280452
+380442280452
+380442280452
+380442280452
+380442280452
+380442280452
+380442280452
+380442280452
+380442280452
+380442280452
+380442280452
+380442280452
+380442280452
+380442280452
+380442280452
+380442280452
+380442280452
+380442280452
+380442280452
+380442280452
+380442280452
+380442280452
+380442280452
+380442280452
+380442280452
+380442280452
+380442280452
+380442280452
+380442280452
+380442280452
+380442280452
+380442280452
+380442280452
+380442280452
+380442280452
+380442280452
+380442280452
+380442280452
+380442280452
+380442280452
+380442280452
+380442280452
+380442280452
+380442280452
+380442280452
+380442280452
+380442280452
+380442280452
+380442280452
+380442280452
+380442280452
+380442280452
+380442280452
+380442280452
+380442280452
+380442280452
+380442280452
+380442280452
+380442280452
+380442280452
+380442280452
+380442280452
+380442280452
+380442280452
+380442280452
+380442280452
+380442280452
+380442280452
+380442280452
+380442280452
+380442280452
+380442280452
+380442280452
+380442280452
+380442280452
+380442280452
+380442280452
+380442280452
+380442280452
+380442280452
+380442280452
+380442280452
+380442280452
+380442280452
+380442280452
+380442280452
+380442280452
+380442280452
+380442280452
+380442280452
+380442280452
+380442280452
+380442280452
+380442280452
+380442280452
+380442280452
+380442280452
+380442280452
+380442280452
+380442280452
+380442280452
+380442280452
+380442280452
+380442280452
+380442280452
+380442280452
+380442280452
+380442280452
+380442280452
+380442280452
+380442280452
+380442280452
+380442280452
+380442280452
+380442280452
+380442280452
+380442280452
+380442280452
+380442280452
+380442280452
+380442280452
+380442280452
+380442280452
+380442280452
+380442280452
+380442280452
+380442280452
+380442280452
+380442280452
+380442280452
+380442280452
+380442280452
+380442280452
+380442280452
+380442280452
+380442280452
+380442280452
+380442280452
+380442280452
+380442280452
+380442280452
+380442280452
+380442280452
+380442280452
+380442280452
+380442280452
+380442280452
+380442280452
+380442280452
+380442280452
+380442280452
+380442280452
+380442280452
+380442280452
+380442280452
+380442280452
+380442280452
+380442280452
+380442280452
+380442280452
+380442280452
+380442280452
+380442280452
+380442280452
+380442280452
+380442280452
+380442280452
+380442280452
+380442280452
+380442280452
+380442280452
+380442280452
+380442280452
+380442280452
+380442280452
+380442280452
+380442280452
+380442280452
+380442280452
+380442280452
+380442280452
+380442280452
+380442280452
+380442280452
+380442280452
+380442280452
+380442280452
+380442280452
+380442280452
+380442280452
+380442280452
+380442280452
+380442280452
+380442280452
+380442280452
+380442280452
+380442280452
+380442280452
+380442280452
+380442280452
+380442280452
+380442280452
+380442280452
+380442280452
+380442280452
+380442280452
+380442280452
+380442280452
+380442280452
+380442280452
+380442280452
+380442280452
+380442280452
+380442280452
+380442280452
+380442280452
+380442280452
+380442280452
+380442280452
+380442280452
+380442280452
+380442280452
+380442280452
+380442280452
+380442280452
+380442280452
+380442280452
+380442280452
+380442280452
+380442280452
+380442280452
+380442280452
+380442280452
+380442280452
+380442280452
+380442280452
+380442280452
+380442280452
+380442280452
+380442280452
+380442280452
+380442280452
+380442280452
+380442280452
+380442280452
+380442280452
+380442280452
+380442280452
+380442280452
+380442280452
+380442280452
+380442280452
+380442280452
+380442280452
+380442280452
+380442280452
+380442280452
+380442280452
+380442280452
+380442280452
+380442280452
+380975071112
+380638558103
+380992501188
+380985333317
+380935000210
+380950136113
+380972794484
+380630177272
+380679122665
+380630177272
+380679122665
+380630177272
+380679122665
+380639778058
+380679943033
+380507782969
+380939698300
+380933634411
+380508199924
+380674877765
+380503138010
+380937117210
+380443315020
+380442280452
+380442280452
+380442280452
+380442280452
+380442280452
+380664574441
+380442280452
+380442280452
+380442280452
+380442280452
+380442280452
+380442280452
+380442280452
+380442280452
+380675022806
+380632331257
+380442280452
+380995343520
+380631679280
+380979543059
+380936058502
+380501466333
+380979543059
+380936058502
+380501466333
+380635623441
+380674456414
+380683096858
+380995523044
+380636320046
+380938051816
+380672096160
+380672096160
+380995343520
+380442280452
+380442280452
+380442280452
+380442280452
+380442280452
+380442280452
+380442280452
+380442280452
+380442280452
+380672096160
+380442280452
+380442280452
+380442280452
+380508021448
+380979235578
+380962226665
+380630585099
+380631679280
+380504133533
+380979525605
+380662161641
+380442280452
+380504133533
+380979525605
+380504464155
+380684817111
+380982480492
+380931018927
+380931018927
+380931018927
+380935467818
+380681272526
+380632370010
+380672568482
+380933634411
+380636957543
+380675066074
+380442226240
+380996406207
+380683527040
+380675007433
+380442280452
+380442280452
+380442280452
+380442280452
+380502148820
+380672302032
+380936999130
+380442373977
+380442280452
+380442280452
+380442280452
+380442280452
+380442280452
+380442280452
+380442280452
+380442280452
+380505929753
+380442280452
+380683096858
+380995523044
+380636320046
+380938051816
+380683096858
+380995523044
+380636320046
+380938051816
+380671159933
+380671159933
+380632373568
+380971789021
+380674635257
+380442280452
+380442280452
+380984406852
+380442280452
+380442280452
+380442280452
+380442280452
+380442280452
+380442280452
+380442280452
+380442280452
+380442280452
+380442280452
+380442280452
+380442280452
+380442280452
+380442280452
+380442280452
+380442280452
+380442280452
+380442280452
+380442280452
+380442280452
+380442280452
+380442280452
+380442280452
+380442280452
+380442280452
+380442280452
+380442280452
+380442280452
+380442280452
+380442280452
+380442280452
+380442280452
+380442280452
+380442280452
+380442280452
+380442280452
+380442280452
+380442280452
+380442280452
+380442280452
+380442280452
+380442280452
+380442280452
+380442280452
+380442280452
+380442280452
+380442280452
+380442280452
+380442280452
+380442280452
+380442280452
+380442280452
+380442280452
+380442280452
+380442280452
+380442280452
+380442280452
+380442280452
+380442280452
+380442280452
+380442280452
+380442280452
+380442280452
+380442280452
+380442280452
+380442280452
+380442280452
+380442280452
+380442280452
+380442280452
+380442280452
+380442280452
+380442280452
+380442280452
+380442280452
+380442280452
+380442280452
+380442280452
+380442280452
+380442280452
+380442280452
+380442280452
+380442280452
+380442280452
+380442280452
+380442280452
+380442280452
+380442280452
+380442280452
+380442280452
+380442280452
+380442280452
+380442280452
+380442280452
+380442280452
+380442280452
+380442280452
+380442280452
+380442280452
+380442280452
+380442280452
+380442280452
+380442280452
+380442280452
+380442280452
+380442280452
+380442280452
+380442280452
+380442280452
+380442280452
+380442280452
+380442280452
+380442280452
+380442280452
+380442280452
+380442280452
+380442280452
+380442280452
+380442280452
+380442280452
+380442280452
+380442280452
+380442280452
+380442280452
+380442280452
+380442280452
+380442280452
+380442280452
+380442280452
+380442280452
+380442280452
+380442280452
+380442280452
+380442280452
+380442280452
+380442280452
+380442280452
+380442280452
+380442280452
+380442280452
+380442280452
+380442280452
+380442280452
+380442280452
+380442280452
+380442280452
+380442280452
+380442280452
+380442280452
+380442280452
+380442280452
+380442280452
+380442280452
+380442280452
+380442280452
+380442280452
+380442280452
+380442280452
+380442280452
+380442280452
+380442280452
+380442280452
+380442280452
+380442280452
+380442280452
+380442280452
+380442280452
+380442280452
+380442280452
+380442280452
+380442280452
+380442280452
+380442280452
+380442280452
+380442280452
+380442280452
+380442280452
+380442280452
+380442280452
+380442280452
+380442280452
+380442280452
+380442280452
+380442280452
+380442280452
+380442280452
+380442280452
+380442280452
+380442280452
+380442280452
+380442280452
+380442280452
+380442280452
+380442280452
+380442280452
+380442280452
+380442280452
+380442280452
+380442280452
+380442280452
+380442280452
+380442280452
+380442280452
+380442280452
+380442280452
+380442280452
+380442280452
+380442280452
+380442280452
+380442280452
+380442280452
+380442280452
+380442280452
+380442280452
+380442280452
+380442280452
+380442280452
+380442280452
+380442280452
+380442280452
+380442280452
+380442280452
+380442280452
+380442280452
+380442280452
+380442280452
+380442280452
+380442280452
+380442280452
+380442280452
+380442280452
+380442280452
+380442280452
+380442280452
+380442280452
+380442280452
+380442280452
+380442280452
+380442280452
+380442280452
+380442280452
+380442280452
+380442280452
+380442280452
+380442280452
+380442280452
+380442280452
+380442280452
+380442280452
+380442280452
+380442280452
+380442280452
+380442280452
+380442280452
+380442280452
+380442280452
+380442280452
+380442280452
+380442280452
+380442280452
+380442280452
+380442280452
+380442280452
+380442280452
+380442280452
+380442280452
+380442280452
+380442280452
+380442280452
+380442280452
+380442280452
+380442280452
+380442280452
+380442280452
+380442280452
+380442280452
+380442280452
+380442280452
+380442280452
+380442280452
+380442280452
+380442280452
+380442280452
+380442280452
+380442280452
+380442280452
+380442280452
+380442280452
+380442280452
+380442280452
+380442280452
+380442280452
+380442280452
+380442280452
+380442280452
+380442280452
+380442280452
+380442280452
+380442280452
+380442280452
+380442280452
+380442280452
+380442280452
+380442280452
+380442280452
+380442280452
+380442280452
+380442280452
+380442280452
+380442280452
+380442280452
+380442280452
+380442280452
+380442280452
+380442280452
+380442280452
+380442280452
+380442280452
+380442280452
+380442280452
+380442280452
+380442280452
+380442280452
+380442280452
+380442280452
+380442280452
+380442280452
+380442280452
+380442280452
+380442280452
+380442280452
+380442280452
+380442280452
+380442280452
+380442280452
+380442280452
+380442280452
+380442280452
+380442280452
+380442280452
+380442280452
+380442280452
+380442280452
+380442280452
+380442280452
+380442280452
+380442280452
+380442280452
+380442280452
+380442280452
+380442280452
+380442280452
+380442280452
+380442280452
+380442280452
+380442280452
+380442280452
+380442280452
+380442280452
+380442280452
+380442280452
+380442280452
+380442280452
+380442280452
+380442280452
+380442280452
+380442280452
+380442280452
+380442280452
+380442280452
+380442280452
+380442280452
+380442280452
+380442280452
+380442280452
+380442280452
+380442280452
+380442280452
+380442280452
+380442280452
+380442280452
+380442280452
+380442280452
+380442280452
+380442280452
+380442280452
+380442280452
+380442280452
+380442280452
+380442280452
+380442280452
+380442280452
+380442280452
+380442280452
+380442280452
+380442280452
+380442280452
+380442280452
+380442280452
+380442280452
+380442280452
+380442280452
+380442280452
+380442280452
+380442280452
+380442280452
+380442280452
+380442280452
+380442280452
+380442280452
+380442280452
+380442280452
+380442280452
+380442280452
+380442280452
+380442280452
+380442280452
+380442280452
+380442280452
+380442280452
+380442280452
+380442280452
+380442280452
+380442280452
+380442280452
+380442280452
+380442280452
+380442280452
+380442280452
+380442280452
+380442280452
+380442280452
+380442280452
+380442280452
+380442280452
+380442280452
+380442280452
+380442280452
+380442280452
+380442280452
+380442280452
+380442280452
+380442280452
+380442280452
+380442280452
+380442280452
+380442280452
+380442280452
+380442280452
+380442280452
+380442280452
+380442280452
+380442280452
+380442280452
+380442280452
+380442280452
+380442280452
+380442280452
+380442280452
+380442280452
+380442280452
+380442280452
+380442280452
+380442280452
+380442280452
+380442280452
+380442280452
+380442280452
+380442280452
+380442280452
+380442280452
+380442280452
+380442280452
+380442280452
+380442280452
+380442280452
+380442280452
+380442280452
+380442280452
+380442280452
+380442280452
+380442280452
+380442280452
+380442280452
+380442280452
+380442280452
+380442280452
+380442280452
+380442280452
+380442280452
+380442280452
+380442280452
+380442280452
+380442280452
+380442280452
+380442280452
+380442280452
+380442280452
+380442280452
+380442280452
+380442280452
+380442280452
+380442280452
+380442280452
+380442280452
+380442280452
+380442280452
+380442280452
+380442280452
+380442280452
+380442280452
+380442280452
+380442280452
+380442280452
+380442280452
+380442280452
+380442280452
+380442280452
+380442280452
+380442280452
+380442280452
+380442280452
+380442280452
+380442280452
+380442280452
+380442280452
+380442280452
+380442280452
+380442280452
+380442280452
+380442280452
+380442280452
+380442280452
+380442280452
+380442280452
+380442280452
+380442280452
+380672877344
+380934165356
+380973393915
+380442280452
+380679707095
+380970081781
+380970081781
+380970081781
+380970081781
+380970081781
+380970081781
+380970081781
+380970081781
+380672877343
+380443321798
+380442270519
+380970081781
+380970081781
+380970081781
+380970081781
+380970081781
+380970081781
+380970081781
+380970081781
+380970081781
+380970081781
+380970081781
+380970081781
+380970081781
+380970081781
+380970081781
+380970081781
+380970081781
+380970081781
+380970081781
+380970081781
+380970081781
+380970081781
+380970081781
+380970081781
+380970081781
+380970081781
+380970081781
+380970081781
+380970081781
+380970081781
+380970081781
+380970081781
+380970081781
+380970081781
+380970081781
+380970081781
+380970081781
+380970081781
+380970081781
+380970081781
+380970081781
+380679707095
+380679707095
+380633554431
+380633554431
+380633554431
+380442280452
+380442280452
+380442280452
+380970081781
+380442280452
+380442280452
+380442280452
+380442280452
+380442280452
+380442280452
+380442280452
+380442280452
+380442280452
+380442280452
+380442280452
+380442280452
+380442280452
+380442280452
+380442280452
+380442280452
+380442280452
+380442280452
+380442280452
+380442280452
+380442280452
+380442280452
+380442280452
+380442280452
+380442280452
+380442280452
+380442280452
+380442280452
+380442280452
+380442280452
+380442280452
+380442280452
+380442280452
+380442280452
+380442280452
+380442280452
+380442280452
+380442280452
+380442280452
+380442280452
+380442280452
+380442280452
+380442280452
+380442280452
+380442280452
+380442280452
+380442280452
+380442280452
+380442280452
+380442280452
+380442280452
+380442280452
+380442280452
+380442280452
+380442280452
+380442280452
+380442280452
+380442280452
+380442280452
+380442280452
+380442280452
+380442280452
+380442280452
+380442280452
+380442280452
+380442280452
+380442280452
+380442280452
+380442280452
+380442280452
+380442280452
+380442280452
+380442280452
+380442280452
+380442280452
+380442280452
+380442280452
+380442280452
+380442280452
+380442280452
+380442280452
+380442280452
+380442280452
+380442280452
+380442280452
+380442280452
+380442280452
+380442280452
+380442280452
+380442280452
+380442280452
+380442280452
+380442280452
+380442280452
+380442280452
+380442280452
+380442280452
+380442280452
+380442280452
+380442280452
+380442280452
+380442280452
+380442280452
+380442280452
+380442280452
+380442280452
+380442280452
+380442280452
+380442280452
+380442280452
+380442280452
+380442280452
+380442280452
+380442280452
+380442280452
+380442280452
+380442280452
+380442280452
+380442280452
+380442280452
+380442280452
+380442280452
+380442280452
+380442280452
+380442280452
+380442280452
+380442280452
+380442280452
+380442280452
+380442280452
+380442280452
+380442280452
+380442280452
+380442280452
+380442280452
+380442280452
+380442280452
+380442280452
+380442280452
+380442280452
+380442280452
+380442280452
+380442280452
+380442280452
+380442280452
+380442280452
+380442280452
+380442280452
+380442280452
+380442280452
+380442280452
+380442280452
+380442280452
+380442280452
+380442280452
+380442280452
+380442280452
+380442280452
+380442280452
+380442280452
+380442280452
+380442280452
+380442280452
+380442280452
+380442280452
+380442280452
+380442280452
+380442280452
+380442280452
+380442280452
+380442280452
+380442280452
+380442280452
+380442280452
+380442280452
+380442280452
+380442280452
+380442280452
+380442280452
+380442280452
+380442280452
+380442280452
+380442280452
+380442280452
+380442280452
+380442280452
+380442280452
+380442280452
+380442280452
+380442280452
+380442280452
+380442280452
+380442280452
+380442280452
+380442280452
+380442280452
+380442280452
+380442280452
+380442280452
+380442280452
+380442280452
+380442280452
+380442280452
+380636485898
+380982260000
+380982260000
+380982260000
+380679720417
+380731001502
+380679720417
+380731001502
+380954302033
+380680277127
+380939257969
+380932302080
+380442280452
+380442280452
+380984100822
+380984100822
+380679720417
+380508561245
+380951796105
+380442280452
+380442280452
+380960738818
+380637095606
+380980151573
+380672403240
+380667345764
+380631733468
+380675071311
+380635240898
+380975195838
+380635240898
+380975195838
+380955636305
+380500114290
+380955636305
+380955636305
+380442280452
+380442280452
+380442280452
+380635240898
+380975195838
+380442280452
+380442280452
+380442280452
+380442280452
+380442280452
+380442280452
+380442280452
+380442280452
+380442280452
+380442280452
+380442280452
+380442280452
+380442280452
+380442280452
+380442280452
+380442280452
+380442280452
+380442280452
+380442280452
+380442280452
+380442280452
+380442280452
+380442280452
+380442280452
+380442280452
+380442280452
+380442280452
+380442280452
+380442280452
+380442280452
+380442280452
+380442280452
+380442280452
+380442280452
+380442280452
+380442280452
+380442280452
+380442280452
+380442280452
+380442280452
+380442280452
+380442280452
+380442280452
+380442280452
+380442280452
+380442280452
+380442280452
+380442280452
+380442280452
+380442280452
+380442280452
+380442280452
+380442280452
+380442280452
+380442280452
+380442280452
+380442280452
+380442280452
+380442280452
+380442280452
+380442280452
+380442280452
+380442280452
+380442280452
+380442280452
+380442280452
+380442280452
+380442280452
+380442280452
+380442280452
+380442280452
+380442280452
+380442280452
+380442280452
+380442280452
+380442280452
+380442280452
+380442280452
+380442280452
+380442280452
+380442280452
+380442280452
+380442280452
+380442280452
+380442280452
+380442280452
+380442280452
+380442280452
+380442280452
+380442280452
+380442280452
+380442280452
+380442280452
+380442280452
+380442280452
+380442280452
+380442280452
+380442280452
+380442280452
+380442280452
+380442280452
+380442280452
+380442280452
+380442280452
+380442280452
+380442280452
+380442280452
+380442280452
+380442280452
+380442280452
+380442280452
+380442280452
+380442280452
+380442280452
+380442280452
+380442280452
+380442280452
+380442280452
+380442280452
+380442280452
+380442280452
+380442280452
+380442280452
+380442280452
+380442280452
+380442280452
+380442280452
+380442280452
+380442280452
+380442280452
+380442280452
+380442280452
+380442280452
+380442280452
+380442280452
+380442280452
+380442280452
+380442280452
+380442280452
+380442280452
+380442280452
+380442280452
+380442280452
+380442280452
+380442280452
+380442280452
+380442280452
+380442280452
+380442280452
+380442280452
+380442280452
+380442280452
+380442280452
+380442280452
+380442280452
+380442280452
+380442280452
+380442280452
+380442280452
+380442280452
+380442280452
+380442280452
+380442280452
+380442280452
+380501651333
+380939957266
+380936294853
+380500103641
+380953282298
+380639226865
+380953282298
+380639226865
+380442280452
+380930217515
+380930217515
+380930217515
+380930217515
+380930217515
+380930217515
+380930217515
+380930217515
+380930217515
+380939354068
+380930217515
+380930217515
+380930217515
+380930217515
+380930217515
+380930217515
+380930217515
+380930217515
+380930217515
+380930217515
+380930217515
+380930217515
+380930217515
+380954508477
+380933844571
+380971191277
+380663865393
+380504133533
+380979525605
+380504133533
+380979525605
+380930217515
+380504133533
+380979525605
+380442280452
+380442280452
+380442280452
+380442280452
+380442280452
+380442280452
+380442280452
+380442280452
+380504133533
+380979525605
+380442280452
+380442280452
+380442280452
+380931922491
+380507260027
+380932387299
+380507260027
+380932387299
+380931922491
+380507260027
+380932387299
+380962226665
+380630585099
+380442280452
+380939417436
+380676593274
+380442280452
+380442280452
+380442280452
+380442280452
+380442280452
+380442280452
+380442280452
+380939417436
+380442280452
+380442280452
+380442280452
+380442280452
+380442280452
+380442280452
+380442280452
+380442280452
+380442280452
+380442280452
+380442280452
+380442280452
+380442280452
+380442280452
+380442280452
+380442280452
+380442280452
+380442280452
+380442280452
+380442280452
+380442280452
+380442280452
+380442280452
+380442280452
+380442280452
+380442280452
+380442280452
+380442280452
+380442280452
+380442280452
+380442280452
+380442280452
+380442280452
+380442280452
+380442280452
+380442280452
+380442280452
+380442280452
+380442280452
+380442280452
+380442280452
+380442280452
+380442280452
+380442280452
+380442280452
+380442280452
+380442280452
+380442280452
+380632373568
+380442280452
+380506065033
+380965103944
+380634220900
+380984167487
+380634220900
+380984167487
+380634220900
+380984167487
+380634461207
+380936720845
+380677010432
+380637210936
+380979022319
+380442325726
+380637210936
+380979022319
+380442325726
+380637210936
+380979022319
+380442325726
+380506065033
+380965103944
+380635240898
+380975195838
+380675035798
+380503819398
+380934402648
+380981562167
+380984542357
+380676071687
+380634778286
+380502792207
+380634778286
+380502792207
+380630644353
+380668522006
+380442280452
+380442280452
+380442280452
+380442280452
+380442280452
+380442280452
+380442280452
+380442280452
+380442280452
+380442280452
+380442280452
+380442280452
+380442280452
+380442280452
+380442280452
+380442280452
+380442280452
+380442280452
+380442280452
+380442280452
+380442280452
+380442280452
+380442280452
+380442280452
+380442280452
+380442280452
+380442280452
+380442280452
+380442280452
+380442280452
+380442280452
+380442280452
+380442280452
+380442280452
+380442280452
+380442280452
+380442280452
+380442280452
+380442280452
+380442280452
+380442280452
+380442280452
+380442280452
+380442280452
+380442280452
+380442280452
+380442280452
+380442280452
+380442280452
+380442280452
+380442280452
+380442280452
+380442280452
+380442280452
+380442280452
+380442280452
+380442280452
+380442280452
+380442280452
+380442280452
+380442280452
+380442280452
+380442280452
+380442280452
+380442280452
+380442280452
+380442280452
+380442280452
+380442280452
+380442280452
+380442280452
+380442280452
+380442280452
+380442280452
+380442280452
+380442280452
+380442280452
+380442280452
+380442280452
+380442280452
+380442280452
+380442280452
+380442280452
+380442280452
+380442280452
+380442280452
+380442280452
+380442280452
+380442280452
+380442280452
+380987184696
+380984263449
+380507777747
+380442280452
+380442280452
+380442280452
+380442280452
+380442280452
+380442280452
+380442280452
+380442280452
+380631536064
+380631536064
+380502126520
+380634700848
+380995409313
+380672049054
+380634700848
+380995409313
+380672049054
+380634700848
+380995409313
+380672049054
+380636558606
+380930217515
+380442280452
+380930217515
+380930217515
+380930217515
+380930217515
+380930217515
+380930217515
+380930217515
+380930217515
+380930217515
+380930217515
+380930217515
+380930217515
+380930217515
+380930217515
+380930217515
+380930217515
+380930217515
+380930217515
+380930217515
+380930217515
+380930217515
+380930217515
+380930217515
+380930217515
+380930217515
+380930217515
+380930217515
+380930217515
+380930217515
+380930217515
+380930217515
+380930217515
+380930217515
+380930217515
+380930217515
+380930217515
+380930217515
+380930217515
+380930217515
+380930217515
+380930217515
+380930217515
+380930217515
+380930217515
+380930217515
+380930217515
+380930217515
+380930217515
+380930217515
+380930217515
+380930217515
+380930217515
+380930217515
+380930217515
+380930217515
+380930217515
+380930217515
+380930217515
+380930217515
+380930217515
+380930217515
+380930217515
+380930217515
+380939730500
+380672403240
+380672403240
+380930648755
+380982259590
+380674034202
+380975565592
+380506244582
+380637889672
+380930217515
+380442280452
+380442280452
+380442280452
+380442280452
+380442280452
+380442280452
+380442280452
+380442280452
+380442280452
+380975565592
+380506244582
+380637889672
+380442280452
+380442280452
+380442280452
+380442280452
+380442280452
+380442280452
+380442280452
+380442280452
+380442280452
+380442280452
+380442280452
+380442280452
+380442280452
+380442280452
+380442280452
+380442280452
+380442280452
+380442280452
+380442280452
+380442280452
+380442280452
+380442280452
+380442280452
+380442280452
+380442280452
+380442280452
+380442280452
+380442280452
+380442280452
+380442280452
+380442280452
+380442280452
+380442280452
+380442280452
+380442280452
+380442280452
+380442280452
+380442280452
+380442280452
+380442280452
+380442280452
+380442280452
+380442280452
+380442280452
+380442280452
+380442280452
+380442280452
+380683096858
+380995523044
+380636320046
+380938051816
+380977333727
+380442280452
+380635979312
+380635979312
+380632021474
+380634778286
+380502792207
+380677011850
+380442280452
+380442280452
+380442280452
+380442280452
+380977333727
+380442280452
+380442280452
+380442280452
+380442280452
+380442280452
+380442280452
+380442280452
+380442280452
+380442280452
+380442280452
+380442280452
+380442280452
+380442280452
+380442280452
+380442280452
+380442280452
+380442280452
+380442280452
+380442280452
+380442280452
+380442280452
+380442280452
+380442280452
+380442280452
+380442280452
+380442280452
+380442280452
+380442280452
+380442280452
+380442280452
+380677010432
+380635168970
+380635168970
+380992696736
+380975191984
+380992696736
+380975191984
+380500114290
+380934665078
+380442280452
+380442280452
+380442280452
+380442280452
+380442280452
+380442280452
+380442280452
+380442280452
+380442280452
+380442280452
+380442280452
+380442280452
+380442280452
+380442280452
+380442280452
+380672769256
+380638893545
+380982222000
+380982222000
+380982222000
+380501651333
+380939957266
+380509945468
+380634101888
+380509945468
+380634101888
+380442280452
+380509945468
+380634101888
+380672809930
+380635296449
+380509788807
+380663584631
+380633983307
+380663584631
+380633983307
+380937840520
+380977138839
+380979650209
+380968206905
+380935073221
+380509945468
+380634101888
+380672340135
+380633458545
+380984542357
+380677398722
+380991536434
+380677398722
+380991536434
+380442280452
+380442280452
+380442280452
+380442280452
+380442280452
+380963572604
+380442280452
+380442280452
+380442280452
+380442280452
+380442280452
+380442280452
+380442280452
+380442280452
+380442280452
+380442280452
+380442280452
+380442280452
+380442280452
+380974848674
+380662190151
+380669711976
+380936565377
+380936383266
+380679009041
+380986808191
+380442280452
+380976692216
+380951240992
+380502260124
+380672771990
+380997919397
+380939072960
+380958373614
+380442272136
+380442280452
+380986007981
+380633943369
+380504133533
+380979525605
+380504133533
+380979525605
+380685214475
+380506563174
+380989615173
+380936475138
+380936475138
+380989615173
+380995429204
+380977477615
+380986071536
+380986007981
+380633943369
+380674685757
+380509747026
+380509747026
+380672340135
+380633458545
+380672340135
+380633458545
+380672340135
+380633458545
+380508199924
+380632378238
+380508414651
+380442378238
+380933634411
+380933634411
+380509747026
+380933634411
+380992270079
+380976072280
+380976072280
+380442280452
+380442280452
+380442280452
+380442280452
+380442280452
+380933634411
+380442280452
+380442280452
+380442280452
+380661546484
+380674591118
+380951119765
+380442280452
+380442280452
+380442280452
+380442280452
+380442280452
+380442280452
+380442280452
+380442280452
+380442280452
+380442280452
+380442280452
+380442280452
+380442280452
+380442280452
+380442280452
+380442280452
+380442280452
+380937419572
+380442280452
+380442280452
+380442280452
+380442280452
+380442280452
+380442280452
+380442280452
+380442280452
+380442280452
+380637510836
+380961523692
+380637510836
+380961523692
+380930648755
+380982259590
+380930648755
+380982259590
+380662690513
+380984550420
+380664402147
+380664402147
+380442280452
+380936566061
+380972560175
+380672465343
+380963335686
+380442280452
+380442280452
+380442280452
+380442280452
+380992696736
+380975191984
+380672998893
+380931107714
+380660718998
+380664402147
+380954540247
+380633236161
+380673166161
+380633236161
+380673166161
+380957652192
+380935107107
+380933416350
+380996191054
+380996191054
+380970247857
+380673883988
+380442280452
+380442280452
+380442280452
+380442280452
+380442280452
+380442280452
+380672769256
+380638893545
+380969069968
+380994257076
+380442280452
+380977506738
+380977506738
+380442280452
+380442280452
+380442280452
+380442280452
+380442280452
+380442280452
+380442280452
+380977506738
+380442280452
+380442280452
+380442280452
+380442280452
+380442280452
+380734804790
+380662690513
+380984550420
+380662690513
+380984550420
+380677037783
+380442280452
+380683096858
+380995523044
+380636320046
+380938051816
+380683096858
+380995523044
+380636320046
+380938051816
+380957655793
+380734428455
+380954508477
+380734428455
+380973969302
+380962226665
+380630585099
+380442280452
+380970247857
+380442280452
+380442280452
+380442280452
+380442280452
+380989806744
+380962449391
+380634468940
+380442280452
+380442280452
+380442280452
+380442280452
+380952500447
+380637155852
+380442280452
+380442280452
+380442280452
+380442280452
+380442280452
+380442280452
+380442280452
+380672809930
+380635296449
+380509788807
+380442280452
+380442280452
+380442280452
+380442280452
+380442280452
+380442280452
+380442280452
+380442280452
+380442280452
+380442280452
+380674106665
+380675022806
+380632331257
+380992696736
+380975191984
+380674408380
+380442280452
+380442280452
+380679605445
+380636957543
+380675066074
+380442226240
+380961346805
+380442280452
+380977506738
+380667657223
+380936484102
+380972794484
+380959309650
+380959309650
+380442280452
+380442280452
+380442280452
+380666484813
+380442280452
+380442280452
+380442280452
+380442280452
+380660954880
+380509316297
+380977808356
+380953485929
+380679195488
+380992696736
+380975191984
+380442280452
+380683096858
+380995523044
+380636320046
+380938051816
+380683096858
+380995523044
+380636320046
+380938051816
+380683096858
+380995523044
+380636320046
+380938051816
+380972122894
+380674404816
+380634183318
+380992273986
+380939471716
+380939471716
+380939471716
+380981292619
+380637510836
+380961523692
+380442280452
+380442280452
+380442280452
+380442280452
+380442280452
+380442280452
+380442280452
+380442280452
+380442280452
+380981292619
+380442280452
+380442280452
+380442280452
+380442280452
+380442280452
+380442280452
+380664292227
+380679633625
+380681272526
+380632370010
+380442280452
+380631536064
+380442280452
+380442280452
+380442280452
+380442280452
+380442280452
+380939698300
+380936408051
+380665223563
+380979644586
+380674662166
+380505929753
+380504160646
+380951444689
+380973860077
+380665057428
+380999074511
+380635914375
+380635914375
+380442280452
+380442280452
+380442280452
+380979644586
+380674662166
+380442280452
+380675038087
+380932772776
+380975812758
+380631994735
+380988350978
+380937547912
+380977933022
+380509747026
+380442280452
+380442280452
+380442280452
+380442280452
+380442280452
+380442280452
+380509747026
+380509747026
+380442280452
+380442280452
+380442280452
+380968474907
+380442280452
+380936338353
+380734161817
+380975565592
+380506244582
+380637889672
+380975565592
+380506244582
+380637889672
+380674444577
+380632479077
+380970577874
+380988931531
+380638043045
+380679720417
+380504133533
+380979525605
+380936338353
+380931018927
+380931205943
+380672427007
+380505949862
+380938999886
+380672891313
+380667924544
+380634328690
+380676587128
+380938400921
+380931205943
+380931018927
+380667868218
+380952811932
+380671028183
+380677882458
+380934617770
+380632995277
+380671464678
+380986029123
+380508473648
+380505626558
+380961674379
+380634601346
+380504450206
+380634299134
+380634591188
+380443324390
+380981789598
+380672435526
+380939718648
+380503120999
+380935371515
+380989944717
+380932715201
+380950989974
+380973240616
+380672094400
+380442094400
+380980421010
+380672094400
+380442094400
+380672094400
+380442094400
+380672094400
+380442094400
+380672094400
+380442094400
+380672094400
+380442094400
+380672094400
+380442094400
+380672094400
+380442094400
+380672094400
+380442094400
+380672094400
+380442094400
+380672094400
+380442094400
+380672094400
+380442094400
+380672094400
+380442094400
+380672094400
+380442094400
+380672094400
+380442094400
+380672094400
+380442094400
+380672094400
+380442094400
+380672094400
+380442094400
+380672094400
+380442094400
+380672094400
+380442094400
+380672094400
+380442094400
+380672094400
+380442094400
+380672094400
+380442094400
+380672094400
+380442094400
+380672094400
+380442094400
+380672094400
+380442094400
+380672094400
+380442094400
+380672094400
+380442094400
+380672094400
+380442094400
+380672094400
+380442094400
+380672094400
+380442094400
+380672094400
+380442094400
+380672094400
+380442094400
+380672094400
+380442094400
+380672094400
+380442094400
+380672094400
+380442094400
+380672094400
+380442094400
+380672094400
+380442094400
+380672094400
+380442094400
+380672094400
+380442094400
+380672094400
+380442094400
+380672094400
+380442094400
+380672094400
+380442094400
+380672094400
+380442094400
+380672094400
+380442094400
+380672094400
+380442094400
+380672094400
+380442094400
+380672094400
+380442094400
+380672094400
+380442094400
+380672094400
+380442094400
+380672094400
+380442094400
+380672094400
+380442094400
+380672094400
+380442094400
+380672094400
+380442094400
+380672094400
+380442094400
+380672094400
+380442094400
+380672094400
+380442094400
+380672094400
+380442094400
+380672094400
+380442094400
+380672094400
+380442094400
+380672094400
+380442094400
+380672094400
+380442094400
+380672094400
+380442094400
+380672094400
+380442094400
+380672094400
+380442094400
+380672094400
+380442094400
+380672094400
+380442094400
+380672094400
+380442094400
+380672094400
+380442094400
+380672094400
+380442094400
+380672094400
+380442094400
+380672094400
+380442094400
+380672094400
+380442094400
+380672094400
+380442094400
+380672094400
+380442094400
+380672094400
+380442094400
+380672094400
+380442094400
+380672094400
+380442094400
+380672094400
+380442094400
+380672094400
+380442094400
+380672094400
+380442094400
+380672094400
+380442094400
+380672094400
+380442094400
+380672094400
+380442094400
+380672094400
+380442094400
+380672094400
+380442094400
+380672094400
+380442094400
+380672094400
+380442094400
+380672094400
+380442094400
+380672094400
+380442094400
+380672094400
+380442094400
+380672094400
+380442094400
+380672094400
+380442094400
+380672094400
+380442094400
+380672094400
+380442094400
+380672094400
+380442094400
+380672094400
+380442094400
+380672094400
+380442094400
+380672094400
+380442094400
+380672094400
+380442094400
+380672094400
+380442094400
+380672094400
+380442094400
+380672094400
+380442094400
+380672094400
+380442094400
+380672094400
+380442094400
+380672094400
+380442094400
+380672094400
+380442094400
+380672094400
+380442094400
+380672094400
+380442094400
+380672094400
+380442094400
+380672094400
+380442094400
+380672094400
+380442094400
+380672094400
+380442094400
+380672094400
+380442094400
+380672094400
+380442094400
+380672094400
+380442094400
+380672094400
+380442094400
+380672094400
+380442094400
+380672094400
+380442094400
+380672094400
+380442094400
+380672094400
+380442094400
+380672094400
+380442094400
+380672094400
+380442094400
+380672094400
+380442094400
+380672094400
+380442094400
+380672094400
+380442094400
+380672094400
+380442094400
+380672094400
+380442094400
+380672094400
+380442094400
+380672094400
+380442094400
+380672094400
+380442094400
+380672094400
+380442094400
+380672094400
+380442094400
+380672094400
+380442094400
+380672094400
+380442094400
+380672094400
+380442094400
+380672094400
+380442094400
+380672094400
+380442094400
+380672094400
+380442094400
+380672094400
+380442094400
+380672094400
+380442094400
+380672094400
+380442094400
+380672094400
+380442094400
+380672094400
+380442094400
+380672094400
+380442094400
+380672094400
+380442094400
+380672094400
+380442094400
+380672094400
+380442094400
+380672094400
+380442094400
+380672094400
+380442094400
+380672094400
+380442094400
+380672094400
+380442094400
+380672094400
+380442094400
+380672094400
+380442094400
+380672094400
+380442094400
+380672094400
+380442094400
+380672094400
+380442094400
+380672094400
+380442094400
+380672094400
+380442094400
+380672094400
+380442094400
+380672094400
+380442094400
+380672094400
+380442094400
+380672094400
+380442094400
+380672094400
+380442094400
+380672094400
+380442094400
+380672094400
+380442094400
+380672094400
+380442094400
+380672094400
+380442094400
+380672094400
+380442094400
+380672094400
+380442094400
+380672094400
+380442094400
+380672094400
+380442094400
+380672094400
+380442094400
+380672094400
+380442094400
+380672094400
+380442094400
+380672094400
+380442094400
+380672094400
+380442094400
+380672094400
+380442094400
+380672094400
+380442094400
+380672094400
+380442094400
+380672094400
+380442094400
+380672094400
+380442094400
+380672094400
+380442094400
+380672094400
+380442094400
+380672094400
+380442094400
+380672094400
+380442094400
+380672094400
+380442094400
+380672094400
+380442094400
+380672094400
+380442094400
+380672094400
+380442094400
+380672094400
+380442094400
+380672094400
+380442094400
+380672094400
+380442094400
+380672094400
+380442094400
+380672094400
+380442094400
+380672094400
+380442094400
+380672094400
+380442094400
+380672094400
+380442094400
+380672094400
+380442094400
+380672094400
+380442094400
+380672094400
+380442094400
+380672094400
+380442094400
+380672094400
+380442094400
+380672094400
+380442094400
+380672094400
+380442094400
+380672094400
+380442094400
+380672094400
+380442094400
+380672094400
+380442094400
+380672094400
+380442094400
+380672094400
+380442094400
+380672094400
+380442094400
+380672094400
+380442094400
+380672094400
+380442094400
+380672094400
+380442094400
+380672094400
+380442094400
+380672094400
+380442094400
+380672094400
+380442094400
+380672094400
+380442094400
+380672094400
+380442094400
+380672094400
+380442094400
+380672094400
+380442094400
+380672094400
+380442094400
+380672094400
+380442094400
+380672094400
+380442094400
+380672094400
+380442094400
+380672094400
+380442094400
+380672094400
+380442094400
+380672094400
+380442094400
+380672094400
+380442094400
+380672094400
+380442094400
+380672094400
+380442094400
+380672094400
+380442094400
+380672094400
+380442094400
+380672094400
+380442094400
+380672094400
+380442094400
+380672094400
+380442094400
+380672094400
+380442094400
+380672094400
+380442094400
+380672094400
+380442094400
+380672094400
+380442094400
+380672094400
+380442094400
+380672094400
+380442094400
+380672094400
+380442094400
+380672094400
+380442094400
+380672094400
+380442094400
+380672094400
+380442094400
+380672094400
+380442094400
+380672094400
+380442094400
+380672094400
+380442094400
+380672094400
+380442094400
+380672094400
+380442094400
+380672094400
+380442094400
+380672094400
+380442094400
+380672094400
+380442094400
+380672094400
+380442094400
+380672094400
+380442094400
+380672094400
+380442094400
+380672094400
+380442094400
+380672094400
+380442094400
+380672094400
+380442094400
+380672094400
+380442094400
+380672094400
+380442094400
+380672094400
+380442094400
+380672094400
+380442094400
+380672094400
+380442094400
+380672094400
+380442094400
+380672094400
+380442094400
+380672094400
+380442094400
+380672094400
+380442094400
+380672094400
+380442094400
+380672094400
+380442094400
+380672094400
+380442094400
+380672094400
+380442094400
+380672094400
+380442094400
+380672094400
+380442094400
+380672094400
+380442094400
+380672094400
+380442094400
+380672094400
+380442094400
+380672094400
+380442094400
+380672094400
+380442094400
+380672094400
+380442094400
+380672094400
+380442094400
+380672094400
+380442094400
+380672094400
+380442094400
+380672094400
+380442094400
+380672094400
+380442094400
+380672094400
+380442094400
+380672094400
+380442094400
+380672094400
+380442094400
+380672094400
+380442094400
+380672094400
+380442094400
+380672094400
+380442094400
+380672094400
+380442094400
+380672094400
+380442094400
+380672094400
+380442094400
+380672094400
+380442094400
+380672094400
+380442094400
+380672094400
+380442094400
+380672094400
+380442094400
+380672094400
+380442094400
+380672094400
+380442094400
+380672094400
+380442094400
+380672094400
+380442094400
+380672094400
+380442094400
+380672094400
+380442094400
+380672094400
+380442094400
+380672094400
+380442094400
+380672094400
+380442094400
+380672094400
+380442094400
+380672094400
+380442094400
+380672094400
+380442094400
+380672094400
+380442094400
+380672094400
+380442094400
+380672094400
+380442094400
+380672094400
+380442094400
+380672094400
+380442094400
+380672094400
+380442094400
+380672094400
+380442094400
+380672094400
+380442094400
+380672094400
+380442094400
+380672094400
+380442094400
+380672094400
+380442094400
+380672094400
+380442094400
+380672094400
+380442094400
+380672094400
+380442094400
+380672094400
+380442094400
+380672094400
+380442094400
+380672094400
+380442094400
+380672094400
+380442094400
+380672094400
+380442094400
+380672094400
+380442094400
+380672094400
+380442094400
+380672094400
+380442094400
+380672094400
+380442094400
+380672094400
+380442094400
+380672094400
+380442094400
+380672094400
+380442094400
+380672094400
+380442094400
+380933083030
+380991482030
+380637200707
+380672094400
+380442094400
+380932912903
+380932912903
+380932912903
+380932912903
+380932912903
+380973630827
+380734194955
+380635168985
+380994825571
+380991482030
+380637200707
