+380504602808
+380993001905
+380503258911
+380677072827
+380982774886
+380991754408
+380955102126
+380955102126
+380978234506
+380668033273
+380939438077
+380506777447
+380636202400
+380504602808
+380990898121
+380958586641
+380963759111
+380958586641
+380963759111
+380958586641
+380963759111
+380442280452
+380442280452
+380442280452
+380442280452
+380930387504
+380509071662
+380668426413
+380936017730
+380957473619
+380939797823
+380442280452
+380442280452
+380442280452
+380442280452
+380442280452
+380442280452
+380442280452
+380930387504
+380442280452
+380442280452
+380505476002
+380966970962
+380636202400
+380442280452
+380442280452
+380442280452
+380442280452
+380442280452
+380442280452
+380442280452
+380442280452
+380442280452
+380442280452
+380442280452
+380442280452
+380442280452
+380442280452
+380442280452
+380442280452
+380442280452
+380442280452
+380442280452
+380442280452
+380504030080
+380442280452
+380442280452
+380675729593
+380957553834
+380442280452
+380442280452
+380973374097
+380503014763
+380667652511
+380667652511
+380684200756
+380669943284
+380965919172
+380675789393
+380680570567
+380976285929
+380442280452
+380684422802
+380637152854
+380684200756
+380995427569
+380676027260
+380442280452
+380970303181
+380933075379
+380938208979
+380962872494
+380505548064
+380938657033
+380988168611
+380668426413
+380936017730
+79787912232
+380639050180
+380442280452
+380442280452
+380979299103
+380442280452
+380442280452
+380442280452
+380938208979
+380962872494
+380505548064
+380442280452
+380442280452
+380442280452
+380442280452
+380442280452
+380442280452
+380442280452
+380636251109
+380635874244
+380442280452
+380667720909
+380966464861
+380995427569
+380961571145
+380961571145
+380969639131
+380503431281
+380503431281
+380442280452
+380635874244
+380442280452
+380442280452
+380931421869
+380979700525
+380931421869
+380979700525
+380442280452
+380985515246
+380985515246
+380997301134
+380974780147
+380442280452
+380442280452
+380503431281
+380678125280
+380663144260
+380678125280
+380663144260
+380442280452
+380442280452
+380955831045
+380503008335
+380935899142
+380951309142
+380503008335
+380935899142
+380951309142
+380503008335
+380935899142
+380951309142
+380933320428
+380679889313
+380668183314
+380969764344
+380500880139
+380442280452
+380509863236
+380935364057
+380961907431
+380442280452
+380442280452
+380442280452
+380442280452
+380442280452
+380955831045
+380668038768
+380639795189
+380677072827
+380506800866
+380675729593
+380957553834
+380661848068
+380661848068
+380661848068
+380635097482
+380676070786
+380688811894
+380667795488
+380503230243
+380995638813
+380995638813
+380996434869
+380996434869
+380938001099
+380501337220
+380683905520
+380442280452
+380635097482
+380503233827
+380932814544
+380955831045
+380503258911
+380639795188
+380502757380
+380973374097
+380503014763
+380508281336
+380982810010
+380956283283
+380442280452
+380503431281
+380442280452
+380442280452
+380635119436
+380505669787
+380734651740
+380987689776
+380987689776
+380987689776
+380503431281
+380505665758
+380970955743
+380638157378
+380982810010
+380956283283
+380503230996
+380503230996
+380503230996
+380991889354
+380636197406
+380950484893
+380636197406
+380950484893
+380683979848
+380502168654
+380677185001
+380442280452
+380961571145
+380932958494
+380974290658
+380932958494
+380974290658
+380932958494
+380974290658
+380638428643
+380442280452
+380442280452
+380442280452
+380442280452
+380442280452
+380442280452
+380442280452
+380442280452
+380442280452
+380442280452
+380442280452
+380442280452
+380442280452
+380442280452
+380442280452
+380442280452
+380442280452
+380442280452
+380442280452
+380442280452
+380442280452
+380442280452
+380442280452
+380442280452
+380442280452
+380442280452
+380442280452
+380442280452
+380442280452
+380442280452
+380442280452
+380442280452
+380442280452
+380442280452
+380442280452
+380442280452
+380442280452
+380442280452
+380442280452
+380442280452
+380442280452
+380442280452
+380442280452
+380442280452
+380442280452
+380442280452
+380442280452
+380442280452
+380442280452
+380442280452
+380442280452
+380442280452
+380442280452
+380442280452
+380442280452
+380442280452
+380442280452
+380442280452
+380442280452
+380442280452
+380442280452
+380442280452
+380442280452
+380442280452
+380442280452
+380442280452
+380442280452
+380442280452
+380442280452
+380442280452
+380442280452
+380442280452
+380442280452
+380442280452
+380442280452
+380442280452
+380442280452
+380442280452
+380442280452
+380442280452
+380442280452
+380442280452
+380442280452
+380442280452
+380442280452
+380442280452
+380442280452
+380442280452
+380442280452
+380442280452
+380442280452
+380442280452
+380442280452
+380442280452
+380442280452
+380442280452
+380442280452
+380442280452
+380442280452
+380442280452
+380442280452
+380442280452
+380442280452
+380442280452
+380442280452
+380442280452
+380442280452
+380442280452
+380442280452
+380442280452
+380442280452
+380442280452
+380442280452
+380442280452
+380442280452
+380442280452
+380442280452
+380442280452
+380442280452
+380442280452
+380442280452
+380442280452
+380442280452
+380442280452
+380442280452
+380442280452
+380442280452
+380442280452
+380442280452
+380442280452
+380442280452
+380442280452
+380442280452
+380442280452
+380442280452
+380442280452
+380931219790
+380931219790
+380689979295
+380993001905
+380505248494
+380442280452
+380442280452
+380442280452
+380442280452
+380442280452
+380442280452
+380442280452
+380442280452
+380442280452
+380505248494
+380442280452
+380442280452
+380442280452
+380442280452
+380442280452
+380442280452
+380442280452
+380442280452
+380442280452
+380442280452
+380442280452
+380442280452
+380442280452
+380442280452
+380442280452
+380442280452
+380442280452
+380442280452
+380442280452
+380442280452
+380442280452
+380442280452
+380442280452
+380442280452
+380442280452
+380442280452
+380442280452
+380442280452
+380442280452
+380442280452
+380442280452
+380442280452
+380442280452
+380442280452
+380442280452
+380442280452
+380442280452
+380442280452
+380442280452
+380442280452
+380442280452
+380442280452
+380442280452
+380442280452
+380442280452
+380442280452
+380442280452
+380442280452
+380442280452
+380442280452
+380442280452
+380442280452
+380442280452
+380442280452
+380442280452
+380442280452
+380442280452
+380442280452
+380442280452
+380442280452
+380442280452
+380442280452
+380442280452
+380442280452
+380442280452
+380442280452
+380442280452
+380442280452
+380442280452
+380442280452
+380442280452
+380442280452
+380442280452
+380442280452
+380442280452
+380442280452
+380442280452
+380442280452
+380442280452
+380442280452
+380667744914
+380631342515
+380978224246
+380993242882
+380975452885
+380967838148
+380972528618
+380976675510
+380936318128
+380997246797
+380966002178
+380996016020
+380688951268
+380936684252
+380501045510
+380936361020
+380636341663
+380671842131
+380507308567
+380630647250
+380677921044
+380506313620
+380684993469
