+380505444245
+380993366645
+380685742399
+380503582735
+380934922008
+380934922008
+380504625682
+380973828677
+380685272056
+380442074643
+380505981961
+380505444245
+380672735788
+380972375743
+380992131330
+380503119976
+380933471131
+380671159933
+380932159119
+380992256114
+380985151499
+380932159119
+380992256114
+380985151499
+380965779690
+380952723898
+380661301633
+380960074747
+380975463978
+380674018907
+380637527158
+380679671123
+380671159933
+380661301633
+380503206986
+380934922008
+380934922008
+380931873534
+380968200093
+380503557377
+380933832084
+380671159933
+380965960224
+380674725898
+380635781938
+380662049236
+380664189840
+380978170433
+380981034641
+380672468686
+380663332402
+380442090592
+380672468686
+380663332402
+380442090592
+380935791429
+380671871111
+380683577300
+380677780385
+380967379522
+380989413864
+380974348825
+380679026603
+380982215250
+380953507015
+380937016948
+380671405088
+380456332067
+380637635835
+380986594623
+380977951050
+380956708372
+380980657474
+380977423199
+380971168994
+380986327524
+380939958695
+380980657474
+380980657474
+380500145935
+380632126900
+380677363976
+380445995792
+380964619224
+380969428242
+380935544810
+380932412180
+380509113633
+380674085828
+380685253398
+380980657474
+380981022393
+380672340910
+380937824281
+380501339327
+380674071385
+380445923895
+380677363976
+380445995792
+380932412180
+380509113633
+380672353314
+380679370182
+380934904082
+380683577300
+380979792289
+380674904219
+380456341516
+380661301633
+380672340910
+380937824281
+380445990427
+380678234843
+380937790070
+380445990427
+380678234843
+380445990427
+380678234843
+380937790070
+380972368889
+380442270010
+380937790070
+380675026067
+380445990427
+380678234843
+380937790070
+380445990427
+380678234843
+380445990427
+380678234843
+380937790070
+380445990427
+380678234843
+380673471482
+380955865741
+380936511740
+380995321750
+380972368889
+380442270010
+380937790070
+380962270422
+380631575992
+380500139070
+380442294025
+380972368889
+380442270010
+380677444217
+380972368889
+380442270010
+380980490646
+380936110169
+380508376010
+380964150720
+380981565594
+380972368889
+380442270010
+380932589862
+380972368889
+380442270010
+380932589862
+380980490646
+380936110169
+380508376010
+380685272056
+380442074643
+380932589862
+380980490646
+380936110169
+380508376010
+380631444188
+380965510767
+380967717555
+380631444188
+380965510767
+380664902764
+380972368889
+380442270010
+380631444188
+380965510767
+380980490646
+380936110169
+380508376010
+380966840880
+380631444188
+380965510767
+380505673468
+380631444188
+380965510767
+380445990427
+380678234843
+380665698427
+380937790070
+380445990427
+380678234843
+380445990427
+380678234843
+380445990427
+380678234843
+380445990427
+380678234843
+380936921822
+380675048444
+380445990427
+380678234843
+380445990427
+380678234843
+380445990427
+380678234843
+380996629162
+380673972785
+380937790070
+380445990427
+380678234843
+380445990427
+380678234843
+380937790070
+380981242106
+380634563153
+380684012857
+380952863193
+380442234487
+380937790070
+380445990427
+380678234843
+380445990427
+380678234843
+380445990427
+380678234843
+380445990427
+380678234843
+380445990427
+380678234843
+380445990427
+380678234843
+380445990427
+380678234843
+380445990427
+380678234843
+380445990427
+380678234843
+380445990427
+380678234843
+380445990427
+380678234843
+380445990427
+380678234843
+380445990427
+380678234843
+380504163022
+380445990427
+380678234843
+380445990427
+380678234843
+380445990427
+380678234843
+380937790070
+380445990427
+380678234843
+380445990427
+380678234843
+380445990427
+380678234843
+380937790070
+380445990427
+380678234843
+380936921822
+380675048444
+380445990427
+380678234843
+380504440290
+380445990427
+380678234843
+380675044553
+380445990427
+380678234843
+380445990427
+380678234843
+380937790070
+380445990427
+380678234843
+380937790070
+380445990427
+380678234843
+380445990427
+380678234843
+380937790070
+380937790070
+380937790070
+380445990427
+380678234843
+380937790070
+380937790070
+380445990427
+380678234843
+380937790070
+380445990427
+380678234843
+380957212783
+380952707679
+380937790070
+380445990427
+380678234843
+380674877765
+380503138010
+380937117210
+380443315020
+380445990427
+380678234843
+380445990427
+380678234843
+380445990427
+380678234843
+380679919870
+380445990427
+380678234843
+380445990427
+380678234843
+380445990427
+380678234843
+380445990427
+380678234843
+380507712933
+380937790070
+380979020894
+380672393807
+380937790070
+380445990427
+380678234843
+380672393807
+380672393807
+380445990427
+380678234843
+380445990427
+380678234843
+380445990427
+380678234843
+380661249399
+380672393807
+380445990427
+380678234843
+380445990427
+380678234843
+380937790070
+380937790070
+380445990427
+380678234843
+380661249399
+380445990427
+380678234843
+380937790070
+380445990427
+380678234843
+380445990427
+380678234843
+380937790070
+380972368889
+380442270010
+380445990427
+380678234843
+380445990427
+380678234843
+380937790070
+380445990427
+380678234843
+380445990427
+380678234843
+380937790070
+380445990427
+380678234843
+380673471482
+380955865741
+380936511740
+380995321750
+380972368889
+380442270010
+380937790070
+380962270422
+380631575992
+380500139070
+380442294025
+380972368889
+380442270010
+380677444217
+380972368889
+380442270010
+380980490646
+380936110169
+380508376010
+380964150720
+380981565594
+380972368889
+380442270010
+380932589862
+380972368889
+380442270010
+380932589862
+380980490646
+380936110169
+380508376010
+380685272056
+380442074643
+380932589862
+380980490646
+380936110169
+380508376010
+380631444188
+380965510767
+380967717555
+380631444188
+380965510767
+380664902764
+380972368889
+380442270010
+380631444188
+380965510767
+380980490646
+380936110169
+380508376010
+380966840880
+380631444188
+380965510767
+380505673468
+380631444188
+380965510767
+380980490646
+380936110169
+380508376010
+380674877765
+380503138010
+380937117210
+380443315020
+380674877765
+380503138010
+380937117210
+380443315020
+380981021776
+380980055122
+380631444188
+380965510767
+380980490646
+380936110169
+380508376010
+380631444188
+380965510767
+380631444188
+380965510767
+380631444188
+380965510767
+380976836300
+380672727788
+380957676006
+380442225744
+380677868622
+380674877765
+380503138010
+380937117210
+380443315020
+380972368889
+380442270010
+380972368889
+380442270010
+380980378388
+380685728377
+380508899300
+380509607826
+380685728377
+380509607826
+380685728377
+380955591387
+380509748238
+380679983057
+380969310496
+380667357691
+380503260372
+380685728377
+380509607826
+380981978608
+380986268694
+380503260372
+380952759389
+380974114649
+380635745014
+380668217571
+380985541605
+380442286639
+380503325601
+380684196857
+380635745014
+380668217571
+380985541605
+380442286639
+380939858423
+380938989226
+380504244944
+380938989226
+380504244944
+380937124260
+380503260372
+380672083337
+380938989226
+380504244944
+380939854386
+380938989226
+380504244944
+380938989226
+380504244944
+380679925570
+380939858417
+380938989226
+380504244944
+380679925570
+380938989226
+380504244944
+380938989226
+380504244944
+380938989226
+380504244944
+380938989226
+380504244944
+380977551307
+380638119755
+380671329266
+380442533304
+380442534044
+380442538052
+380671329266
+380442533304
+380442534044
+380442538052
+380671329266
+380442533304
+380442534044
+380442538052
+380445002100
+380445002100
+380671487999
+380445002100
+380445002100
+380445002100
+380445002100
+380445002100
+380674796162
+380977423199
+380971168994
+380986327524
+380950962307
+380630103646
+380445002100
+380968625464
+380671159933
+380734162829
+380672764563
+380972146990
+380995663317
+380675362728
+380675049531
+380977423199
+380971168994
+380986327524
+380677780385
+380967379522
+380989413864
+380978292403
+380977423199
+380971168994
+380986327524
+380630734911
+380500310601
+380958768852
+380674673589
+380635081186
+380500330756
+380632788001
+380994864444
+380689764006
+380675049531
+380992225821
+380954654885
+380674700555
+380504650555
+380472561555
+380442215545
+380671329266
+380442533304
+380442534044
+380442538052
+380937473456
+380982493155
+380681003393
+380973245730
+380936011607
+380674877765
+380503138010
+380937117210
+380443315020
+380992225821
+380969471796
+380972589273
+380972589273
+380972589273
+380667570260
+380971535459
+380639569719
+380674673589
+380671487999
+380505673468
+380939675764
+380958301015
+380678309646
+380930764006
+380932412180
+380509113633
+380673936137
+380959303893
+380955929352
+380968106995
+380968106995
+380674676404
+380975250072
+380979750425
+380983076785
+380990564738
+380661003535
+380979274615
+380677010432
+380975624996
+380677780385
+380967379522
+380989413864
+380978292403
+380677780385
+380967379522
+380989413864
+380978292403
+380677780385
+380967379522
+380989413864
+380978292403
+380666343115
+380671159933
+380979775018
+380637103993
+380673096923
+380674904219
+380456341516
+380674904219
+380456341516
+380677529392
+380974548746
+380677561888
+380681274840
+380675028142
+380977423199
+380971168994
+380986327524
+380667756449
+380632317277
+380978001732
+380675365434
+380632825841
+380995207074
+380661078989
+380671068989
+380931951314
+380996495352
+380968277099
+380661536421
+380504657045
+380919075609
+380677028769
+380955779794
+380502279809
+380508434241
+380982672855
+380935870137
+380987218184
+380677955746
+380456359425
+380967706677
+380679028255
+380674630799
+380664574351
+380919075609
+380673251490
+380972375743
+380992131330
+380503119976
+380671329266
+380442533304
+380442534044
+380442538052
+380671329266
+380442533304
+380442534044
+380442538052
+380671329266
+380442533304
+380442534044
+380442538052
+380671329266
+380442533304
+380442534044
+380442538052
+380445002100
+380445002100
+380445002100
+380965388851
+380445002100
+380445002100
+380445002100
+380445002100
+380445002100
+380445002100
+380445002100
+380445002100
+380445002100
+380445002100
+380444984909
+380444984909
+380444984909
+380935151829
+380677780385
+380967379522
+380989413864
+380978292403
+380988408482
+380504105369
+380957510366
+380957510366
+380444984909
+380952245875
+380979522696
+380639341515
+380963438115
+380674016033
+380506488207
+380993622181
+380958814198
+380958814198
+380960074747
+380675365434
+380632825841
+380637086546
+380674491925
+380675061701
+380674491925
+380970119344
+380930658923
+380932118181
+380677774701
+380661225208
+380674471714
+380674877765
+380503138010
+380937117210
+380443315020
+380969597675
+380960925202
+380979750425
+380985033288
+380679900689
+380674016039
+380674016039
+380956210705
+380977223484
+380956210705
+380977223484
+380939760093
+380961693316
+380638848123
+380955531372
+380977138783
+380675990555
+380972368889
+380442270010
+380972368889
+380442270010
+380972368889
+380442270010
+380972368889
+380442270010
+380972368889
+380442270010
+380663166479
+380972368889
+380442270010
+380972368889
+380442270010
+380972368889
+380442270010
+380972368889
+380442270010
+380972368889
+380442270010
+380972368889
+380442270010
+380972368889
+380442270010
+380972368889
+380442270010
+380972368889
+380442270010
+380972368889
+380442270010
+380972368889
+380442270010
+380972368889
+380442270010
+380972368889
+380442270010
+380972368889
+380442270010
+380972368889
+380442270010
+380972368889
+380442270010
+380972368889
+380442270010
+380972368889
+380442270010
+380972368889
+380442270010
+380972368889
+380442270010
+380972368889
+380442270010
+380972368889
+380442270010
+380972368889
+380442270010
+380972368889
+380442270010
+380972368889
+380442270010
+380972368889
+380442270010
+380972368889
+380442270010
+380972368889
+380442270010
+380972368889
+380442270010
+380972368889
+380442270010
+380972368889
+380442270010
+380972368889
+380442270010
+380972368889
+380442270010
+380972368889
+380442270010
+380972368889
+380442270010
+380972368889
+380442270010
+380972368889
+380442270010
+380972368889
+380442270010
+380972368889
+380442270010
+380972368889
+380442270010
+380972368889
+380442270010
+380972368889
+380442270010
+380972368889
+380442270010
+380972368889
+380442270010
+380972368889
+380442270010
+380972368889
+380442270010
+380972368889
+380442270010
+380972368889
+380442270010
+380972368889
+380442270010
+380972368889
+380442270010
+380972368889
+380442270010
+380972368889
+380442270010
+380972368889
+380442270010
+380972368889
+380442270010
+380972368889
+380442270010
+380972368889
+380442270010
+380972368889
+380442270010
+380972368889
+380442270010
+380972368889
+380442270010
+380972368889
+380442270010
+380972368889
+380442270010
+380972368889
+380442270010
+380972368889
+380442270010
+380972368889
+380442270010
+380972368889
+380442270010
+380972368889
+380442270010
+380972368889
+380442270010
+380972368889
+380442270010
+380972368889
+380442270010
+380972368889
+380442270010
+380972368889
+380442270010
+380972368889
+380442270010
+380972368889
+380442270010
+380972368889
+380442270010
+380972368889
+380442270010
+380972368889
+380442270010
+380972368889
+380442270010
+380972368889
+380442270010
+380974095140
+380972368889
+380442270010
+380671329266
+380442533304
+380442534044
+380442538052
+380671329266
+380442533304
+380442534044
+380442538052
+380671329266
+380442533304
+380442534044
+380442538052
+380671329266
+380442533304
+380442534044
+380442538052
+380671329266
+380442533304
+380442534044
+380442538052
+380671329266
+380442533304
+380442534044
+380442538052
+380674098181
+380672201389
+380992990797
+380966241231
+380671329266
+380442533304
+380442534044
+380442538052
+380960925202
+380984406156
+380664025983
+380673258886
+380444984909
+380444984909
+380444984909
+380444984909
+380444984909
+380444984909
+380958302916
+380966235785
+380972368889
+380442270010
+380972368889
+380442270010
+380972368889
+380442270010
+380972368889
+380442270010
+380972368889
+380442270010
+380972368889
+380442270010
+380972368889
+380442270010
+380972368889
+380442270010
+380972368889
+380442270010
+380444984909
+380972368889
+380442270010
+380972368889
+380442270010
+380972368889
+380442270010
+380972368889
+380442270010
+380972368889
+380442270010
+380972368889
+380442270010
+380972368889
+380442270010
+380972368889
+380442270010
+380972368889
+380442270010
+380972368889
+380442270010
+380972368889
+380442270010
+380972368889
+380442270010
+380972368889
+380442270010
+380972368889
+380442270010
+380972368889
+380442270010
+380972368889
+380442270010
+380972368889
+380442270010
+380972368889
+380442270010
+380972368889
+380442270010
+380972368889
+380442270010
+380972368889
+380442270010
+380972368889
+380442270010
+380972368889
+380442270010
+380972368889
+380442270010
+380972368889
+380442270010
+380972368889
+380442270010
+380972368889
+380442270010
+380972368889
+380442270010
+380972368889
+380442270010
+380972368889
+380442270010
+380972368889
+380442270010
+380972368889
+380442270010
+380972368889
+380442270010
+380972368889
+380442270010
+380972368889
+380442270010
+380972368889
+380442270010
+380972368889
+380442270010
+380972368889
+380442270010
+380972368889
+380442270010
+380972368889
+380442270010
+380972368889
+380442270010
+380972368889
+380442270010
+380972368889
+380442270010
+380972368889
+380442270010
+380972368889
+380442270010
+380972368889
+380442270010
+380972368889
+380442270010
+380972368889
+380442270010
+380972368889
+380442270010
+380972368889
+380442270010
+380972368889
+380442270010
+380972368889
+380442270010
+380972368889
+380442270010
+380972368889
+380442270010
+380972368889
+380442270010
+380972368889
+380442270010
+380972368889
+380442270010
+380972368889
+380442270010
+380972368889
+380442270010
+380972368889
+380442270010
+380972368889
+380442270010
+380972368889
+380442270010
+380972368889
+380442270010
+380972368889
+380442270010
+380972368889
+380442270010
+380972368889
+380442270010
+380972368889
+380442270010
+380972368889
+380442270010
+380972368889
+380442270010
+380972368889
+380442270010
+380972368889
+380442270010
+380972368889
+380442270010
+380972368889
+380442270010
+380972368889
+380442270010
+380958302916
+380966235785
+380986966666
+380444515226
+380970984880
+380660085012
+380972368889
+380442270010
+380972368889
+380442270010
+380503260372
+380689751332
+380689751332
+380678441414
+380668144343
+380442098227
+380678441414
+380668144343
+380442098227
+380678441414
+380668144343
+380442098227
+380678441414
+380668144343
+380442098227
+380678441414
+380668144343
+380442098227
+380678441414
+380668144343
+380442098227
+380972368889
+380442270010
+380678441414
+380668144343
+380442098227
+380678441414
+380668144343
+380442098227
+380678441414
+380668144343
+380442098227
+380678441414
+380668144343
+380442098227
+380678441414
+380668144343
+380442098227
+380678441414
+380668144343
+380442098227
+380678441414
+380668144343
+380442098227
+380674452858
+380678441414
+380668144343
+380442098227
+380678441414
+380668144343
+380442098227
+380678441414
+380668144343
+380442098227
+380678441414
+380668144343
+380442098227
+380678441414
+380668144343
+380442098227
+380678441414
+380668144343
+380442098227
+380678441414
+380668144343
+380442098227
+380678441414
+380668144343
+380442098227
+380678441414
+380668144343
+380442098227
+380678441414
+380668144343
+380442098227
+380678441414
+380668144343
+380442098227
+380678441414
+380668144343
+380442098227
+380678441414
+380668144343
+380442098227
+380678441414
+380668144343
+380442098227
+380678441414
+380668144343
+380442098227
+380678441414
+380668144343
+380442098227
+380678441414
+380668144343
+380442098227
+380678441414
+380668144343
+380442098227
+380678441414
+380668144343
+380442098227
+380678441414
+380668144343
+380442098227
+380678441414
+380668144343
+380442098227
+380678441414
+380668144343
+380442098227
+380678441414
+380668144343
+380442098227
+380678441414
+380668144343
+380442098227
+380678441414
+380668144343
+380442098227
+380678441414
+380668144343
+380442098227
+380678441414
+380668144343
+380442098227
+380678441414
+380668144343
+380442098227
+380678441414
+380668144343
+380442098227
+380678441414
+380668144343
+380442098227
+380678441414
+380668144343
+380442098227
+380678441414
+380668144343
+380442098227
+380678441414
+380668144343
+380442098227
+380678441414
+380668144343
+380442098227
+380678441414
+380668144343
+380442098227
+380678441414
+380668144343
+380442098227
+380678441414
+380668144343
+380442098227
+380678441414
+380668144343
+380442098227
+380678441414
+380668144343
+380442098227
+380678441414
+380668144343
+380442098227
+380678441414
+380668144343
+380442098227
+380678441414
+380668144343
+380442098227
+380678441414
+380668144343
+380442098227
+380678441414
+380668144343
+380442098227
+380678441414
+380668144343
+380442098227
+380678441414
+380668144343
+380442098227
+380678441414
+380668144343
+380442098227
+380678441414
+380668144343
+380442098227
+380678441414
+380668144343
+380442098227
+380678441414
+380668144343
+380442098227
+380678441414
+380668144343
+380442098227
+380678441414
+380668144343
+380442098227
+380678441414
+380668144343
+380442098227
+380678441414
+380668144343
+380442098227
+380678441414
+380668144343
+380442098227
+380678441414
+380668144343
+380442098227
+380678441414
+380668144343
+380442098227
+380678441414
+380668144343
+380442098227
+380678441414
+380668144343
+380442098227
+380678441414
+380668144343
+380442098227
+380678441414
+380668144343
+380442098227
+380678441414
+380668144343
+380442098227
+380678441414
+380668144343
+380442098227
+380678441414
+380668144343
+380442098227
+380678441414
+380668144343
+380442098227
+380678441414
+380668144343
+380442098227
+380972368889
+380442270010
+380968799042
+380678441414
+380668144343
+380442098227
+380958302916
+380966235785
+380961988007
+380678441414
+380668144343
+380442098227
+380663166479
+380678441414
+380668144343
+380442098227
+380678441414
+380668144343
+380442098227
+380678441414
+380668144343
+380442098227
+380678441414
+380668144343
+380442098227
+380678441414
+380668144343
+380442098227
+380678441414
+380668144343
+380442098227
+380678441414
+380668144343
+380442098227
+380969470086
+380503260372
+380962270422
+380631575992
+380500139070
+380442294025
+380932795890
+380974080944
+380974080944
+380990174816
+380937100392
+380635140911
+380961838815
+380961838815
+380637876480
+380678441414
+380668144343
+380442098227
+380674455485
+380685728377
+380674020446
+380992425309
+380504627922
+380675384188
+380669522567
+380977423199
+380971168994
+380986327524
+380983076785
+380990564738
+380661003535
+380672235813
+380974080944
+380445990427
+380678234843
+380445990427
+380678234843
+380937790070
+380445990427
+380678234843
+380445990427
+380678234843
+380445990427
+380678234843
+380445990427
+380678234843
+380445990427
+380678234843
+380445990427
+380678234843
+380937790070
+380445990427
+380678234843
+380937790070
+380445990427
+380678234843
+380445990427
+380678234843
+380445990427
+380678234843
+380445990427
+380678234843
+380445990427
+380678234843
+380937790070
+380445990427
+380678234843
+380936921822
+380675048444
+380445990427
+380678234843
+380445990427
+380678234843
+380445990427
+380678234843
+380936921822
+380675048444
+380445990427
+380678234843
+380445990427
+380678234843
+380936921822
+380675048444
+380445990427
+380678234843
+380445990427
+380678234843
+380445990427
+380678234843
+380445990427
+380678234843
+380936921822
+380675048444
+380445990427
+380678234843
+380445990427
+380678234843
+380445990427
+380678234843
+380445990427
+380678234843
+380445990427
+380678234843
+380445990427
+380678234843
+380445990427
+380678234843
+380445990427
+380678234843
+380445990427
+380678234843
+380445990427
+380678234843
+380445990427
+380678234843
+380937790070
+380445990427
+380678234843
+380445990427
+380678234843
+380445990427
+380678234843
+380445990427
+380678234843
+380445990427
+380678234843
+380445990427
+380678234843
+380445990427
+380678234843
+380445990427
+380678234843
+380445990427
+380678234843
+380445990427
+380678234843
+380445990427
+380678234843
+380445990427
+380678234843
+380445990427
+380678234843
+380445990427
+380678234843
+380445990427
+380678234843
+380445990427
+380678234843
+380445990427
+380678234843
+380445990427
+380678234843
+380445990427
+380678234843
+380445990427
+380678234843
+380445990427
+380678234843
+380445990427
+380678234843
+380445990427
+380678234843
+380445990427
+380678234843
+380445990427
+380678234843
+380445990427
+380678234843
+380445990427
+380678234843
+380445990427
+380678234843
+380445990427
+380678234843
+380637000523
+380953232953
+380633525379
+380506331093
+380973642722
+380668404778
+380634453766
+380679549988
+380935067903
+380445990427
+380678234843
+380677780385
+380967379522
+380989413864
+380978292403
+380977423199
+380971168994
+380986327524
+380931194069
+380967431771
+380984006213
+380504629490
+380636237777
+380632470887
+380442470887
+380951072960
+380671329266
+380442533304
+380442534044
+380442538052
+380677780385
+380967379522
+380989413864
+380978292403
+380445002100
+380445002100
+380445002100
+380982789640
+380445002100
+380956723232
+380956723232
+380937606181
+380956723232
+380445002100
+380661536421
+380633291263
+380980811244
+380504485170
+380509625727
+380443839531
+380961838815
+380667824746
+380979524383
+380674340080
+380660210019
+380506599420
+380991914792
+380634851258
+380661536421
+380967131613
+380677780385
+380967379522
+380989413864
+380978292403
+380674678624
+380986272139
+380673251490
+380972368889
+380442270010
+380970984880
+380660085012
+380970984880
+380660085012
+380970984880
+380660085012
+380970984880
+380660085012
+380975815754
+380970984880
+380660085012
+380673251490
+380988497201
+380939738616
+380674051295
+380502823559
+380959143530
+380972368889
+380442270010
+380672345245
+380972368889
+380442270010
+380970984880
+380660085012
+380972368889
+380442270010
+380674454757
+380674454757
+380972368889
+380442270010
+380953874717
+380972368889
+380442270010
+380972368889
+380442270010
+380972368889
+380442270010
+380958423000
+380960925202
+380972368889
+380442270010
+380972368889
+380442270010
+380972368889
+380442270010
+380972368889
+380442270010
+380972368889
+380442270010
+380972368889
+380442270010
+380972368889
+380442270010
+380972368889
+380442270010
+380972368889
+380442270010
+380958423000
+380972368889
+380442270010
+380972368889
+380442270010
+380972368889
+380442270010
+380972368889
+380442270010
+380972368889
+380442270010
+380972368889
+380442270010
+380972368889
+380442270010
+380972368889
+380442270010
+380972368889
+380442270010
+380972368889
+380442270010
+380972368889
+380442270010
+380972368889
+380442270010
+380972368889
+380442270010
+380972368889
+380442270010
+380972368889
+380442270010
+380972368889
+380442270010
+380972368889
+380442270010
+380972368889
+380442270010
+380972368889
+380442270010
+380972368889
+380442270010
+380972368889
+380442270010
+380972368889
+380442270010
+380972368889
+380442270010
+380972368889
+380442270010
+380972368889
+380442270010
+380972368889
+380442270010
+380972368889
+380442270010
+380972368889
+380442270010
+380972368889
+380442270010
+380972368889
+380442270010
+380972368889
+380442270010
+380972368889
+380442270010
+380972368889
+380442270010
+380972368889
+380442270010
+380972368889
+380442270010
+380972368889
+380442270010
+380972368889
+380442270010
+380972368889
+380442270010
+380972368889
+380442270010
+380972368889
+380442270010
+380972368889
+380442270010
+380972368889
+380442270010
+380972368889
+380442270010
+380972368889
+380442270010
+380972368889
+380442270010
+380972368889
+380442270010
+380972368889
+380442270010
+380972368889
+380442270010
+380972368889
+380442270010
+380972368889
+380442270010
+380972368889
+380442270010
+380972368889
+380442270010
+380972368889
+380442270010
+380972368889
+380442270010
+380972368889
+380442270010
+380972368889
+380442270010
+380972368889
+380442270010
+380972368889
+380442270010
+380972368889
+380442270010
+380972368889
+380442270010
+380972368889
+380442270010
+380972368889
+380442270010
+380972368889
+380442270010
+380972368889
+380442270010
+380972368889
+380442270010
+380972368889
+380442270010
+380972368889
+380442270010
+380972368889
+380442270010
+380509660464
+380671038693
+380638107095
+380972368889
+380442270010
+380956210705
+380977223484
+380956210705
+380977223484
+380972368889
+380442270010
+380939042892
+380668090008
+380660431617
+380972368889
+380442270010
+380660431617
+380445990427
+380678234843
+380445990427
+380678234843
+380956210705
+380977223484
+380445990427
+380678234843
+380445990427
+380678234843
+380936921822
+380675048444
+380445990427
+380678234843
+380937790070
+380445990427
+380678234843
+380445990427
+380678234843
+380445990427
+380678234843
+380445990427
+380678234843
+380936921822
+380675048444
+380937790070
+380936921822
+380675048444
+380445990427
+380678234843
+380445990427
+380678234843
+380445990427
+380678234843
+380445990427
+380678234843
+380937790070
+380937790070
+380445990427
+380678234843
+380936921822
+380675048444
+380936921822
+380675048444
+380445990427
+380678234843
+380936921822
+380675048444
+380937790070
+380445990427
+380678234843
+380445990427
+380678234843
+380445990427
+380678234843
+380936921822
+380675048444
+380936921822
+380675048444
+380937790070
+380445990427
+380678234843
+380445990427
+380678234843
+380937790070
+380445990427
+380678234843
+380445990427
+380678234843
+380445990427
+380678234843
+380445990427
+380678234843
+380937790070
+380445990427
+380678234843
+380445990427
+380678234843
+380937790070
+380445990427
+380678234843
+380445990427
+380678234843
+380445990427
+380678234843
+380937790070
+380937790070
+380445990427
+380678234843
+380445990427
+380678234843
+380445990427
+380678234843
+380445990427
+380678234843
+380445990427
+380678234843
+380445990427
+380678234843
+380445990427
+380678234843
+380936921822
+380675048444
+380445990427
+380678234843
+380445990427
+380678234843
+380445990427
+380678234843
+380937790070
+380445990427
+380678234843
+380445990427
+380678234843
+380445990427
+380678234843
+380445990427
+380678234843
+380445990427
+380678234843
+380445990427
+380678234843
+380445990427
+380678234843
+380937790070
+380445990427
+380678234843
+380972288355
+380937790070
+380937790070
+380445990427
+380678234843
+380445990427
+380678234843
+380445990427
+380678234843
+380936921822
+380675048444
+380445990427
+380678234843
+380937790070
+380967367282
+380937790070
+380937790070
+380445990427
+380678234843
+380445990427
+380678234843
+380445990427
+380678234843
+380445990427
+380678234843
+380445990427
+380678234843
+380445990427
+380678234843
+380937790070
+380937790070
+380937790070
+380445990427
+380678234843
+380445990427
+380678234843
+380937790070
+380937790070
+380445990427
+380678234843
+380445990427
+380678234843
+380445990427
+380678234843
+380937790070
+380937790070
+380937790070
+380937790070
+380937790070
+380937790070
+380937790070
+380937790070
+380937790070
+380937790070
+380937790070
+380937790070
+380937790070
+380937790070
+380937790070
+380937790070
+380937790070
+380937790070
+380937790070
+380937790070
+380937790070
+380937790070
+380937790070
+380937790070
+380937790070
+380937790070
+380445990427
+380678234843
+380445990427
+380678234843
+380936921822
+380675048444
+380445990427
+380678234843
+380672235813
+380937790070
+380937790070
+380937790070
+380937790070
+380445990427
+380678234843
+380445990427
+380678234843
+380937790070
+380445990427
+380678234843
+380937790070
+380674877765
+380503138010
+380937117210
+380443315020
+380507546639
+380931501416
+380677868622
+380987149053
+380636132533
+380937790070
+380972368889
+380442270010
+380972368889
+380442270010
+380972368889
+380442270010
+380972368889
+380442270010
+380972368889
+380442270010
+380972368889
+380442270010
+380972368889
+380442270010
+380972368889
+380442270010
+380972368889
+380442270010
+380935516185
+380972368889
+380442270010
+380972368889
+380442270010
+380972368889
+380442270010
+380972368889
+380442270010
+380972368889
+380442270010
+380972368889
+380442270010
+380972368889
+380442270010
+380972368889
+380442270010
+380972368889
+380442270010
+380972368889
+380442270010
+380972368889
+380442270010
+380972368889
+380442270010
+380972368889
+380442270010
+380972368889
+380442270010
+380972368889
+380442270010
+380972368889
+380442270010
+380972368889
+380442270010
+380972368889
+380442270010
+380972368889
+380442270010
+380972368889
+380442270010
+380972368889
+380442270010
+380972368889
+380442270010
+380972368889
+380442270010
+380972368889
+380442270010
+380972368889
+380442270010
+380972368889
+380442270010
+380972368889
+380442270010
+380972368889
+380442270010
+380972368889
+380442270010
+380972368889
+380442270010
+380972368889
+380442270010
+380972368889
+380442270010
+380972368889
+380442270010
+380972368889
+380442270010
+380972368889
+380442270010
+380972368889
+380442270010
+380972368889
+380442270010
+380972368889
+380442270010
+380972368889
+380442270010
+380972368889
+380442270010
+380972368889
+380442270010
+380972368889
+380442270010
+380972368889
+380442270010
+380972368889
+380442270010
+380972368889
+380442270010
+380972368889
+380442270010
+380972368889
+380442270010
+380972368889
+380442270010
+380972368889
+380442270010
+380972368889
+380442270010
+380972368889
+380442270010
+380972368889
+380442270010
+380972368889
+380442270010
+380972368889
+380442270010
+380972368889
+380442270010
+380972368889
+380442270010
+380972368889
+380442270010
+380972368889
+380442270010
+380972368889
+380442270010
+380972368889
+380442270010
+380972368889
+380442270010
+380979298361
+380674686313
+380665708586
+380974826432
+380507369325
+380679607297
+380932797020
+380971313999
+380972368889
+380442270010
+380932094380
+380932094380
+380444986004
+380444986004
+380444986004
+380671329266
+380442533304
+380442534044
+380442538052
+380671329266
+380442533304
+380442534044
+380442538052
+380445002100
+380445002100
+380932094380
+380445002100
+380445002100
+380445002100
+380445002100
+380445002100
+380445002100
+380445002100
+380445002100
+380445002100
+380445002100
+380445002100
+380445002100
+380445002100
+380445002100
+380445002100
+380445002100
+380445002100
+380445002100
+380445002100
+380445002100
+380445002100
+380445002100
+380445002100
+380445002100
+380445002100
+380445002100
+380445002100
+380445002100
+380445002100
+380445002100
+380445002100
+380445002100
+380445002100
+380445002100
+380445002100
+380445002100
+380671329266
+380442533304
+380442534044
+380442538052
+380671329266
+380442533304
+380442534044
+380442538052
+380445002100
+380445002100
+380445002100
+380445002100
+380445002100
+380445002100
+380445002100
+380445002100
+380445002100
+380445002100
+380445002100
+380445002100
+380445002100
+380445002100
+380445002100
+380445002100
+380445002100
+380445002100
+380445002100
+380445002100
+380445002100
+380445002100
+380445002100
+380445002100
+380445002100
+380445002100
+380445002100
+380445002100
+380445002100
+380445002100
+380445002100
+380445002100
+380445002100
+380445002100
+380445002100
+380445002100
+380445002100
+380445002100
+380445002100
+380445002100
+380445002100
+380445002100
+380445002100
+380445002100
+380445002100
+380445002100
+380445002100
+380445002100
+380445002100
+380445002100
+380445002100
+380445002100
+380445002100
+380445002100
+380445002100
+380445002100
+380978001732
+380978001732
+380504696679
+380677780385
+380967379522
+380989413864
+380978292403
+380677780385
+380967379522
+380989413864
+380978292403
+380445002100
+380677780385
+380967379522
+380989413864
+380978292403
+380959456822
+380973197619
+380663668014
+380972146990
+380972146990
+380678242404
+380689668158
+380951822556
+380677780385
+380967379522
+380989413864
+380978292403
+380956210705
+380977223484
+380672681911
+380509660464
+380671038693
+380638107095
+380952245875
+380979522696
+380952245875
+380979522696
+380952245875
+380979522696
+380963637963
+380681901348
+380983076785
+380990564738
+380661003535
+380939474838
+380639594184
+380503805596
+380978703367
+380505847640
+380636451760
+380985684559
+380663009463
+380975463978
+380674018907
+380678605264
+380503810236
+380681901348
+380972298225
+380662908772
+380982702220
+380667820013
+380674127601
+380634254453
+380919729779
+380987218184
+380987218184
+380977909885
+380972368889
+380442270010
+380969471796
+380679515526
+380731582537
+380936918155
+380971262617
+380931052881
+380961858770
+380932143773
+380972368889
+380442270010
+380972368889
+380442270010
+380972368889
+380442270010
+380972368889
+380442270010
+380965388851
+380972368889
+380442270010
+380972368889
+380442270010
+380972368889
+380442270010
+380972368889
+380442270010
+380972368889
+380442270010
+380972368889
+380442270010
+380972368889
+380442270010
+380972368889
+380442270010
+380972368889
+380442270010
+380972368889
+380442270010
+380972368889
+380442270010
+380972368889
+380442270010
+380972368889
+380442270010
+380972368889
+380442270010
+380972368889
+380442270010
+380972368889
+380442270010
+380972368889
+380442270010
+380972368889
+380442270010
+380972368889
+380442270010
+380972368889
+380442270010
+380972368889
+380442270010
+380972368889
+380442270010
+380972368889
+380442270010
+380972368889
+380442270010
+380972368889
+380442270010
+380972368889
+380442270010
+380972368889
+380442270010
+380972368889
+380442270010
+380972368889
+380442270010
+380972368889
+380442270010
+380972368889
+380442270010
+380972368889
+380442270010
+380972368889
+380442270010
+380972368889
+380442270010
+380972368889
+380442270010
+380972368889
+380442270010
+380972368889
+380442270010
+380972368889
+380442270010
+380972368889
+380442270010
+380972368889
+380442270010
+380972368889
+380442270010
+380972368889
+380442270010
+380972368889
+380442270010
+380972368889
+380442270010
+380972368889
+380442270010
+380972368889
+380442270010
+380972368889
+380442270010
+380972368889
+380442270010
+380972368889
+380442270010
+380972368889
+380442270010
+380972368889
+380442270010
+380972368889
+380442270010
+380972368889
+380442270010
+380972368889
+380442270010
+380972368889
+380442270010
+380972368889
+380442270010
+380972368889
+380442270010
+380972368889
+380442270010
+380972368889
+380442270010
+380972368889
+380442270010
+380972368889
+380442270010
+380972368889
+380442270010
+380972368889
+380442270010
+380972368889
+380442270010
+380972368889
+380442270010
+380972368889
+380442270010
+380972368889
+380442270010
+380972368889
+380442270010
+380972368889
+380442270010
+380972368889
+380442270010
+380972368889
+380442270010
+380972368889
+380442270010
+380972368889
+380442270010
+380972368889
+380442270010
+380972368889
+380442270010
+380972368889
+380442270010
+380972368889
+380442270010
+380972368889
+380442270010
+380972368889
+380442270010
+380972368889
+380442270010
+380972368889
+380442270010
+380972368889
+380442270010
+380972368889
+380442270010
+380972368889
+380442270010
+380972368889
+380442270010
+380972368889
+380442270010
+380972368889
+380442270010
+380972368889
+380442270010
+380974091377
+380972368889
+380442270010
+380931052881
+380637095606
+380936634723
+380630497246
+380981207393
+380505663574
+380997580670
+380932252307
+380664634177
+380672383000
+380974091377
+380444986004
+380444986004
+380444986004
+380444986004
+380444986004
+380444986004
+380444986004
+380444986004
+380444986004
+380672383000
+380444986004
+380444986004
+380444986004
+380444986004
+380444986004
+380444986004
+380444986004
+380444986004
+380444986004
+380444986004
+380444986004
+380444986004
+380444986004
+380444986004
+380444986004
+380444986004
+380444986004
+380444986004
+380444986004
+380444986004
+380444986004
+380444986004
+380444986004
+380444986004
+380444986004
+380444986004
+380444986004
+380444986004
+380444986004
+380444986004
+380444986004
+380444986004
+380444986004
+380444986004
+380444986004
+380444986004
+380444986004
+380444986004
+380444986004
+380444986004
+380444986004
+380444986004
+380444986004
+380444986004
+380444986004
+380444986004
+380444986004
+380444986004
+380444986004
+380444986004
+380444986004
+380444986004
+380444986004
+380444986004
+380444986004
+380444986004
+380444986004
+380444986004
+380444986004
+380444986004
+380444986004
+380444986004
+380444986004
+380671329266
+380442533304
+380442534044
+380442538052
+380671329266
+380442533304
+380442534044
+380442538052
+380972368889
+380442270010
+380677604255
+380665783436
+380961181793
+380979649951
+380979649951
+380972368889
+380442270010
+380975262979
+380671329266
+380442533304
+380442534044
+380442538052
+380445002100
+380445002100
+380445002100
+380445002100
+380445002100
+380445002100
+380445002100
+380445002100
+380445002100
+380445002100
+380445002100
+380445002100
+380445002100
+380445002100
+380445002100
+380445002100
+380445002100
+380445002100
+380445002100
+380445002100
+380445002100
+380445002100
+380445002100
+380445002100
+380445002100
+380445002100
+380972368889
+380442270010
+380972368889
+380442270010
+380972368889
+380442270010
+380445002100
+380972368889
+380442270010
+380972368889
+380442270010
+380972368889
+380442270010
+380972368889
+380442270010
+380972368889
+380442270010
+380972368889
+380442270010
+380972368889
+380442270010
+380972368889
+380442270010
+380972368889
+380442270010
+380972368889
+380442270010
+380972368889
+380442270010
+380972368889
+380442270010
+380972368889
+380442270010
+380972368889
+380442270010
+380972368889
+380442270010
+380972368889
+380442270010
+380972368889
+380442270010
+380972368889
+380442270010
+380972368889
+380442270010
+380972368889
+380442270010
+380972368889
+380442270010
+380972368889
+380442270010
+380972368889
+380442270010
+380972368889
+380442270010
+380972368889
+380442270010
+380972368889
+380442270010
+380972368889
+380442270010
+380972368889
+380442270010
+380972368889
+380442270010
+380972368889
+380442270010
+380972368889
+380442270010
+380445002100
+380972368889
+380442270010
+380972368889
+380442270010
+380972368889
+380442270010
+380972368889
+380442270010
+380972368889
+380442270010
+380972368889
+380442270010
+380972368889
+380442270010
+380445002100
+380972368889
+380442270010
+380972368889
+380442270010
+380972368889
+380442270010
+380972368889
+380442270010
+380972368889
+380442270010
+380972368889
+380442270010
+380972368889
+380442270010
+380972368889
+380442270010
+380972368889
+380442270010
+380972368889
+380442270010
+380972368889
+380442270010
+380972368889
+380442270010
+380972368889
+380442270010
+380972368889
+380442270010
+380445002100
+380972368889
+380442270010
+380972368889
+380442270010
+380972368889
+380442270010
+380972368889
+380442270010
+380972368889
+380442270010
+380972368889
+380442270010
+380972368889
+380442270010
+380972368889
+380442270010
+380972368889
+380442270010
+380972368889
+380442270010
+380972368889
+380442270010
+380972368889
+380442270010
+380972368889
+380442270010
+380972368889
+380442270010
+380972368889
+380442270010
+380972368889
+380442270010
+380972368889
+380442270010
+380972368889
+380442270010
+380972368889
+380442270010
+380972368889
+380442270010
+380972368889
+380442270010
+380972368889
+380442270010
+380972368889
+380442270010
+380972368889
+380442270010
+380972368889
+380442270010
+380972368889
+380442270010
+380972368889
+380442270010
+380972368889
+380442270010
+380972368889
+380442270010
+380994915787
+380972368889
+380442270010
+380672097660
+380931878731
+380980026513
+380975799539
+380972368889
+380442270010
+380972368889
+380442270010
+380972368889
+380442270010
+380930718027
+380501524749
+380505000905
+380980282259
+380938796821
+380938796821
+380967585449
+380667960186
+380972368889
+380442270010
+380937188050
+380504138181
+380974091377
+380677623080
+380679519806
+380995214758
+380972368889
+380442270010
+380972368889
+380442270010
+380972368889
+380442270010
+380972368889
+380442270010
+380972368889
+380442270010
+380637876480
+380972368889
+380442270010
+380972368889
+380442270010
+380972368889
+380442270010
+380972368889
+380442270010
+380972368889
+380442270010
+380972368889
+380442270010
+380972368889
+380442270010
+380972368889
+380442270010
+380972368889
+380442270010
+380972368889
+380442270010
+380972368889
+380442270010
+380972368889
+380442270010
+380972368889
+380442270010
+380972368889
+380442270010
+380972368889
+380442270010
+380972368889
+380442270010
+380972368889
+380442270010
+380972368889
+380442270010
+380972368889
+380442270010
+380972368889
+380442270010
+380972368889
+380442270010
+380972368889
+380442270010
+380972368889
+380442270010
+380972368889
+380442270010
+380972368889
+380442270010
+380972368889
+380442270010
+380972368889
+380442270010
+380972368889
+380442270010
+380972368889
+380442270010
+380972368889
+380442270010
+380972368889
+380442270010
+380972368889
+380442270010
+380972368889
+380442270010
+380972368889
+380442270010
+380972368889
+380442270010
+380972368889
+380442270010
+380972368889
+380442270010
+380972368889
+380442270010
+380972368889
+380442270010
+380972368889
+380442270010
+380972368889
+380442270010
+380972368889
+380442270010
+380972368889
+380442270010
+380972368889
+380442270010
+380972368889
+380442270010
+380972368889
+380442270010
+380972368889
+380442270010
+380972368889
+380442270010
+380972368889
+380442270010
+380972368889
+380442270010
+380972368889
+380442270010
+380972368889
+380442270010
+380972368889
+380442270010
+380972368889
+380442270010
+380972368889
+380442270010
+380972368889
+380442270010
+380972368889
+380442270010
+380972368889
+380442270010
+380972368889
+380442270010
+380972368889
+380442270010
+380972368889
+380442270010
+380972368889
+380442270010
+380972368889
+380442270010
+380972368889
+380442270010
+380972368889
+380442270010
+380972368889
+380442270010
+380972368889
+380442270010
+380972368889
+380442270010
+380972368889
+380442270010
+380972368889
+380442270010
+380972368889
+380442270010
+380972368889
+380442270010
+380972368889
+380442270010
+380972368889
+380442270010
+380972368889
+380442270010
+380972368889
+380442270010
+380972368889
+380442270010
+380675642512
+380972368889
+380442270010
+380661971612
+380962270422
+380631575992
+380500139070
+380442294025
+380674187207
+380679968556
+380997605727
+380997605727
+380964619224
+380639873590
+380937170171
+380444580627
+380664902764
+380503555190
+380503554941
+380503389263
+380968647995
+380506880405
+380952245875
+380979522696
+380983076785
+380990564738
+380661003535
+380983076785
+380990564738
+380661003535
+380937965480
+380507495045
+380952245875
+380979522696
+380952245875
+380979522696
+380638926016
+380999136737
+380636468919
+380677780385
+380967379522
+380989413864
+380978292403
+380677780385
+380967379522
+380989413864
+380978292403
+380445990427
+380678234843
+380445990427
+380678234843
+380936921822
+380675048444
+380936921822
+380675048444
+380672235813
+380445990427
+380678234843
+380669468764
+380445990427
+380678234843
+380445990427
+380678234843
+380445990427
+380678234843
+380445990427
+380678234843
+380445990427
+380678234843
+380445990427
+380678234843
+380445990427
+380678234843
+380445990427
+380678234843
+380445990427
+380678234843
+380445990427
+380678234843
+380937790070
+380445990427
+380678234843
+380445990427
+380678234843
+380445990427
+380678234843
+380937790070
+380445990427
+380678234843
+380445990427
+380678234843
+380937790070
+380937790070
+380445990427
+380678234843
+380445990427
+380678234843
+380445990427
+380678234843
+380445990427
+380678234843
+380445990427
+380678234843
+380936921822
+380675048444
+380936921822
+380675048444
+380445990427
+380678234843
+380672235813
+380937790070
+380445990427
+380678234843
+380445990427
+380678234843
+380445990427
+380678234843
+380445990427
+380678234843
+380936921822
+380675048444
+380445990427
+380678234843
+380445990427
+380678234843
+380445990427
+380678234843
+380936921822
+380675048444
+380445990427
+380678234843
+380445990427
+380678234843
+380445990427
+380678234843
+380445990427
+380678234843
+380936921822
+380675048444
+380445990427
+380678234843
+380445990427
+380678234843
+380937790070
+380445990427
+380678234843
+380445990427
+380678234843
+380937790070
+380937790070
+380445990427
+380678234843
+380937790070
+380674634860
+380445990427
+380678234843
+380936921822
+380675048444
+380445990427
+380678234843
+380937790070
+380936921822
+380675048444
+380445990427
+380678234843
+380445990427
+380678234843
+380445990427
+380678234843
+380445990427
+380678234843
+380445990427
+380678234843
+380936921822
+380675048444
+380445990427
+380678234843
+380445990427
+380678234843
+380936921822
+380675048444
+380445990427
+380678234843
+380936921822
+380675048444
+380937790070
+380674634860
+380674634860
+380986356235
+380671159933
+380671159933
+380671159933
+380663804592
+380932845627
+380679934004
+380930325031
+380937790070
+380638017769
+380637663492
+380671329266
+380442533304
+380442534044
+380442538052
+380445002100
+380445002100
+380445002100
+380445002100
+380445002100
+380445002100
+380975216138
+380445002100
+380445002100
+380445002100
+380445002100
+380445002100
+380501005646
+380445002100
+380630631617
+380686671993
+380635796830
+380445002100
+380664577627
+380509748238
+380932159119
+380992256114
+380985151499
+380639873590
+380951212909
+380689323244
+380674796162
+380939393051
+380972368889
+380442270010
+380952558348
+380995530579
+380675047689
+380968306620
+380672180959
+380980282259
+380972368889
+380442270010
+380679607297
+380972368889
+380442270010
+380972368889
+380442270010
+380972368889
+380442270010
+380972368889
+380442270010
+380972368889
+380442270010
+380972368889
+380442270010
+380972368889
+380442270010
+380972368889
+380442270010
+380972368889
+380442270010
+380972368889
+380442270010
+380972368889
+380442270010
+380972368889
+380442270010
+380972368889
+380442270010
+380972368889
+380442270010
+380972368889
+380442270010
+380972368889
+380442270010
+380972368889
+380442270010
+380972368889
+380442270010
+380972368889
+380442270010
+380972368889
+380442270010
+380972368889
+380442270010
+380972368889
+380442270010
+380972368889
+380442270010
+380972368889
+380442270010
+380972368889
+380442270010
+380972368889
+380442270010
+380972368889
+380442270010
+380972368889
+380442270010
+380972368889
+380442270010
+380972368889
+380442270010
+380972368889
+380442270010
+380972368889
+380442270010
+380972368889
+380442270010
+380972368889
+380442270010
+380972368889
+380442270010
+380972368889
+380442270010
+380972368889
+380442270010
+380972368889
+380442270010
+380972368889
+380442270010
+380972368889
+380442270010
+380972368889
+380442270010
+380972368889
+380442270010
+380972368889
+380442270010
+380972368889
+380442270010
+380972368889
+380442270010
+380972368889
+380442270010
+380972368889
+380442270010
+380972368889
+380442270010
+380972368889
+380442270010
+380972368889
+380442270010
+380972368889
+380442270010
+380972368889
+380442270010
+380972368889
+380442270010
+380972368889
+380442270010
+380972368889
+380442270010
+380972368889
+380442270010
+380972368889
+380442270010
+380972368889
+380442270010
+380972368889
+380442270010
+380972368889
+380442270010
+380972368889
+380442270010
+380972368889
+380442270010
+380972368889
+380442270010
+380972368889
+380442270010
+380972368889
+380442270010
+380972368889
+380442270010
+380972368889
+380442270010
+380972368889
+380442270010
+380972368889
+380442270010
+380972368889
+380442270010
+380972368889
+380442270010
+380972368889
+380442270010
+380972368889
+380442270010
+380972368889
+380442270010
+380968045671
+380631262627
+380683849277
+380972368889
+380442270010
+380968473288
+380959022485
+380972368889
+380442270010
+380663303299
+380972368889
+380442270010
+380679607297
+380631211209
+380631211209
+380631211209
+380631211209
+380631211209
+380631211209
+380631211209
+380972368889
+380442270010
+380937323500
+380972368889
+380442270010
+380972368889
+380442270010
+380972368889
+380442270010
+380972368889
+380442270010
+380972368889
+380442270010
+380972368889
+380442270010
+380972368889
+380442270010
+380972368889
+380442270010
+380972368889
+380442270010
+380972368889
+380442270010
+380972368889
+380442270010
+380972368889
+380442270010
+380972368889
+380442270010
+380972368889
+380442270010
+380972368889
+380442270010
+380972368889
+380442270010
+380972368889
+380442270010
+380972368889
+380442270010
+380972368889
+380442270010
+380972368889
+380442270010
+380972368889
+380442270010
+380972368889
+380442270010
+380972368889
+380442270010
+380972368889
+380442270010
+380972368889
+380442270010
+380972368889
+380442270010
+380972368889
+380442270010
+380972368889
+380442270010
+380972368889
+380442270010
+380972368889
+380442270010
+380972368889
+380442270010
+380972368889
+380442270010
+380972368889
+380442270010
+380972368889
+380442270010
+380972368889
+380442270010
+380972368889
+380442270010
+380972368889
+380442270010
+380972368889
+380442270010
+380972368889
+380442270010
+380972368889
+380442270010
+380972368889
+380442270010
+380972368889
+380442270010
+380972368889
+380442270010
+380972368889
+380442270010
+380972368889
+380442270010
+380972368889
+380442270010
+380972368889
+380442270010
+380972368889
+380442270010
+380972368889
+380442270010
+380972368889
+380442270010
+380972368889
+380442270010
+380972368889
+380442270010
+380972368889
+380442270010
+380972368889
+380442270010
+380972368889
+380442270010
+380972368889
+380442270010
+380972368889
+380442270010
+380972368889
+380442270010
+380972368889
+380442270010
+380972368889
+380442270010
+380972368889
+380442270010
+380972368889
+380442270010
+380972368889
+380442270010
+380972368889
+380442270010
+380972368889
+380442270010
+380972368889
+380442270010
+380972368889
+380442270010
+380972368889
+380442270010
+380972368889
+380442270010
+380972368889
+380442270010
+380972368889
+380442270010
+380972368889
+380442270010
+380972368889
+380442270010
+380972368889
+380442270010
+380972368889
+380442270010
+380972368889
+380442270010
+380972368889
+380442270010
+380972368889
+380442270010
+380972368889
+380442270010
+380972368889
+380442270010
+380972368889
+380442270010
+380972368889
+380442270010
+380972368889
+380442270010
+380972368889
+380442270010
+380981242106
+380634563153
+380684012857
+380952863193
+380442234487
+380937790070
+380937790070
+380937790070
+380445990427
+380678234843
+380972368889
+380442270010
+380937790070
+380937790070
+380937790070
+380937790070
+380937790070
+380937790070
+380937790070
+380937790070
+380937790070
+380445990427
+380678234843
+380972309197
+380679168280
+380972368889
+380442270010
+380503163967
+380967510991
+380685728377
+380931044468
+380669284181
+380685728377
+380970690033
+380937790070
+380952245875
+380979522696
+380952245875
+380979522696
+380952245875
+380979522696
+380972368889
+380442270010
+380972368889
+380442270010
+380972368889
+380442270010
+380972368889
+380442270010
+380972368889
+380442270010
+380972368889
+380442270010
+380685728377
+380972368889
+380442270010
+380972368889
+380442270010
+380972368889
+380442270010
+380972368889
+380442270010
+380972368889
+380442270010
+380972368889
+380442270010
+380972368889
+380442270010
+380972368889
+380442270010
+380972368889
+380442270010
+380972368889
+380442270010
+380972368889
+380442270010
+380972368889
+380442270010
+380972368889
+380442270010
+380972368889
+380442270010
+380972368889
+380442270010
+380972368889
+380442270010
+380972368889
+380442270010
+380972368889
+380442270010
+380972368889
+380442270010
+380972368889
+380442270010
+380972368889
+380442270010
+380972368889
+380442270010
+380972368889
+380442270010
+380972368889
+380442270010
+380972368889
+380442270010
+380972368889
+380442270010
+380972368889
+380442270010
+380972368889
+380442270010
+380972368889
+380442270010
+380972368889
+380442270010
+380972368889
+380442270010
+380972368889
+380442270010
+380972368889
+380442270010
+380972368889
+380442270010
+380972368889
+380442270010
+380972368889
+380442270010
+380972368889
+380442270010
+380972368889
+380442270010
+380972368889
+380442270010
+380972368889
+380442270010
+380972368889
+380442270010
+380972368889
+380442270010
+380972368889
+380442270010
+380972368889
+380442270010
+380972368889
+380442270010
+380972368889
+380442270010
+380972368889
+380442270010
+380972368889
+380442270010
+380972368889
+380442270010
+380972368889
+380442270010
+380972368889
+380442270010
+380972368889
+380442270010
+380972368889
+380442270010
+380972368889
+380442270010
+380972368889
+380442270010
+380972368889
+380442270010
+380972368889
+380442270010
+380972368889
+380442270010
+380972368889
+380442270010
+380972368889
+380442270010
+380972368889
+380442270010
+380972368889
+380442270010
+380972368889
+380442270010
+380972368889
+380442270010
+380972368889
+380442270010
+380972368889
+380442270010
+380972368889
+380442270010
+380972368889
+380442270010
+380972368889
+380442270010
+380972368889
+380442270010
+380972368889
+380442270010
+380972368889
+380442270010
+380672772013
+380667217680
+380630262630
+380674846448
+380679168280
+380506370669
+380988497252
+380988497252
+380679168280
+380972368889
+380442270010
+380634612646
+380442225947
+380975576718
+380975576718
+380502684705
+380668884090
+380992235354
+380677868622
+380677868622
+380975811745
+380992421779
+380638681896
+380668884090
+380669522567
+380445990427
+380678234843
+380445990427
+380678234843
+380445990427
+380678234843
+380445990427
+380678234843
+380445990427
+380678234843
+380445990427
+380678234843
+380445990427
+380678234843
+380445990427
+380678234843
+380677868622
+380504437134
+380975176662
+380638723930
+380936921822
+380675048444
+380445990427
+380678234843
+380445990427
+380678234843
+380445990427
+380678234843
+380445990427
+380678234843
+380445990427
+380678234843
+380936921822
+380675048444
+380936921822
+380675048444
+380445990427
+380678234843
+380445990427
+380678234843
+380445990427
+380678234843
+380445990427
+380678234843
+380936921822
+380675048444
+380445990427
+380678234843
+380445990427
+380678234843
+380445990427
+380678234843
+380445990427
+380678234843
+380445990427
+380678234843
+380936921822
+380675048444
+380936921822
+380675048444
+380445990427
+380678234843
+380445990427
+380678234843
+380938694433
+380972123289
+380445990427
+380678234843
+380674098672
+380992291052
+380671329266
+380442533304
+380442534044
+380442538052
+380445990427
+380678234843
+380671329266
+380442533304
+380442534044
+380442538052
+380671329266
+380442533304
+380442534044
+380442538052
+380671329266
+380442533304
+380442534044
+380442538052
+380671329266
+380442533304
+380442534044
+380442538052
+380671329266
+380442533304
+380442534044
+380442538052
+380671329266
+380442533304
+380442534044
+380442538052
+380671329266
+380442533304
+380442534044
+380442538052
+380671329266
+380442533304
+380442534044
+380442538052
+380671329266
+380442533304
+380442534044
+380442538052
+380671329266
+380442533304
+380442534044
+380442538052
+380671329266
+380442533304
+380442534044
+380442538052
+380671329266
+380442533304
+380442534044
+380442538052
+380671329266
+380442533304
+380442534044
+380442538052
+380671329266
+380442533304
+380442534044
+380442538052
+380445002100
+380445002100
+380506868687
+380673501476
+380682379193
+380671329266
+380442533304
+380442534044
+380442538052
+380950709788
+380442532276
+380445002100
+380445002100
+380445002100
+380445002100
+380934193820
+380677562783
+380445002100
+380677780385
+380967379522
+380989413864
+380978292403
+380677780385
+380967379522
+380989413864
+380978292403
+380679735907
+380445002100
+380445002100
+380445002100
+380445002100
+380965107508
+380972368889
+380442270010
+380634475070
+380634475070
+380972368889
+380442270010
+380445002100
+380636065733
+380672777644
+380666212388
+380935405849
+380993366645
+380972368889
+380442270010
+380993708357
+380982270127
+380937965480
+380507495045
+380952245875
+380979522696
+380506430679
+380637543728
+380950718085
+380672640016
+380952245875
+380979522696
+380937965480
+380507495045
+380952245875
+380979522696
+380952245875
+380979522696
+380952245875
+380979522696
+380962270422
+380631575992
+380500139070
+380442294025
+380634328421
+380503810236
+380503810236
+380952245875
+380979522696
+380672091387
+380966667957
+380666484813
+380664902764
+380987218184
+380987218184
