+380676733958
+380971313930
+380939235346
+380934494033
+380679090313
+380674232881
+380666445754
+380938673555
+380673731824
+380674232881
+380666445754
+380938673555
+380674232881
+380666445754
+380938673555
+380674232881
+380666445754
+380938673555
+380674232881
+380666445754
+380938673555
+380674232881
+380666445754
+380938673555
+380676733958
+380674232881
+380666445754
+380938673555
+380673772783
+380934732931
+380673772783
+380934732931
+380673772783
+380934732931
+380673772783
+380934732931
+380673772783
+380934732931
+380673772783
+380934732931
+380673772783
+380934732931
+380673772783
+380934732931
+380674232881
+380666445754
+380938673555
+380673772783
+380934732931
+380673772783
+380934732931
+380962409229
+380673772783
+380934732931
+380508479815
+380973397256
+380978497633
+380676741718
+380676741718
+380975840989
+380676741718
+380676741718
+380676741718
+380676741718
+380676741718
+380676741718
+380676741718
+380676741718
+380676741718
+380676741718
+380676741718
+380934391616
+380966251648
+380676741718
+380676741718
+380676741718
+380676741718
+380676741718
+380676741718
+380676741718
+380676741718
+380676741718
+380676741718
+380676741718
+380676741718
+380676741718
+380676741718
+380676741718
+380676741718
+380676741718
+380676741718
+380676741718
+380676741718
+380676741718
+380676741718
+380676741718
+380676741718
+380676741718
+380676741718
+380676741718
+380676741718
+380676741718
+380676741718
+380676741718
+380676741718
+380676741718
+380676741718
+380676741718
+380676741718
+380676741718
+380676741718
+380676741718
+380676741718
+380676741718
+380676741718
+380676741718
+380676741718
+380939968093
+380680720435
+380673205005
+380676741718
+380673772783
+380934732931
+380673772783
+380934732931
+380673772783
+380934732931
+380673772783
+380934732931
+380673772783
+380934732931
+380673772783
+380934732931
+380673772783
+380934732931
+380673772783
+380934732931
+380673772783
+380934732931
+380673772783
+380934732931
+380673772783
+380934732931
+380673772783
+380934732931
+380673772783
+380934732931
+380673772783
+380934732931
+380673772783
+380934732931
+380673772783
+380934732931
+380673772783
+380934732931
+380673772783
+380934732931
+380673772783
+380934732931
+380673772783
+380934732931
+380673772783
+380934732931
+380673772783
+380934732931
+380673772783
+380934732931
+380673772783
+380934732931
+380673772783
+380934732931
+380673731824
+380673731824
+380992745333
+380676741718
+380673772783
+380934732931
+380676741718
+380676741718
+380676741718
+380676741718
+380676741718
+380676741718
+380676741718
+380676741718
+380676741718
+380676741718
+380676741718
+380676741718
+380676741718
+380676741718
+380676741718
+380676741718
+380676741718
+380676741718
+380676741718
+380676741718
+380989427868
+380676741718
+380676741718
+380676741718
+380676741718
+380676741718
+380676741718
+380676741718
+380676741718
+380970033610
+380676741718
+380676741718
+380676741718
+380676741718
+380676741718
+380676741718
+380676741718
+380676741718
+380676741718
+380676741718
+380676741718
+380676741718
+380676741718
+380676741718
+380676741718
+380676741718
+380676741718
+380676741718
+380676741718
+380676741718
+380676741718
+380676741718
+380676741718
+380676741718
+380676741718
+380676741718
+380676741718
+380676741718
+380676741718
+380676741718
+380676741718
+380934391616
+380966251648
+380971107986
+380504371902
+380963444196
+380639928828
+380963444196
+380639928828
+380963444196
+380639928828
+380963444196
+380639928828
+380963444196
+380639928828
+380676741718
+380963444196
+380639928828
+380673772783
+380934732931
+380963444196
+380639928828
+380963444196
+380639928828
+380673772783
+380934732931
+380963444196
+380639928828
+380673772783
+380934732931
+380673772783
+380934732931
+380673772783
+380934732931
+380963444196
+380639928828
+380673772783
+380934732931
+380673772783
+380934732931
+380673772783
+380934732931
+380673772783
+380934732931
+380673772783
+380934732931
+380977001537
+380673772783
+380934732931
+380673772783
+380934732931
+380673772783
+380934732931
+380673772783
+380934732931
+380673772783
+380934732931
+380673772783
+380934732931
+380673772783
+380934732931
+380673772783
+380934732931
+380673772783
+380934732931
+380673772783
+380934732931
+380673772783
+380934732931
+380673772783
+380934732931
+380673772783
+380934732931
+380673772783
+380934732931
+380633591278
+380673772783
+380934732931
+380673772783
+380934732931
+380673772783
+380934732931
+380673772783
+380934732931
+380673772783
+380934732931
+380673772783
+380934732931
+380673772783
+380934732931
+380673772783
+380934732931
+380673772783
+380934732931
+380673772783
+380934732931
+380673772783
+380934732931
+380673772783
+380934732931
+380674988253
+380322471457
+380673772783
+380934732931
+380673772783
+380934732931
+380673772783
+380934732931
+380673772783
+380934732931
+380673772783
+380934732931
+380673772783
+380934732931
+380673772783
+380934732931
+380673772783
+380934732931
+380673772783
+380934732931
+380673772783
+380934732931
+380673772783
+380934732931
+380673772783
+380934732931
+380673772783
+380934732931
+380673772783
+380934732931
+380673772783
+380934732931
+380673772783
+380934732931
+380673772783
+380934732931
+380673772783
+380934732931
+380673772783
+380934732931
+380673772783
+380934732931
+380673772783
+380934732931
+380673772783
+380934732931
+380673772783
+380934732931
+380673772783
+380934732931
+380673772783
+380934732931
+380673772783
+380934732931
+380673772783
+380934732931
+380673772783
+380934732931
+380673772783
+380934732931
+380676741718
+380676741718
+380676741718
+380934391616
+380966251648
+380676741718
+380676741718
+380673772783
+380934732931
+380676741718
+380676741718
+380676741718
+380676741718
+380676741718
+380676741718
+380676741718
+380673772783
+380934732931
+380676741718
+380676741718
+380676741718
+380676741718
+380676741718
+380676741718
+380676741718
+380676741718
+380676741718
+380676741718
+380676741718
+380676741718
+380676741718
+380676741718
+380676741718
+380676741718
+380676741718
+380676741718
+380676741718
+380676741718
+380676741718
+380676741718
+380676741718
+380676741718
+380676741718
+380676741718
+380676741718
+380676741718
+380676741718
+380676741718
+380676741718
+380676741718
+380676741718
+380676741718
+380676741718
+380676741718
+380676741718
+380676741718
+380676741718
+380676741718
+380676741718
+380676741718
+380676741718
+380676741718
+380676741718
+380938105443
+380985320000
+380931429285
+380508499123
+380976903584
+380937509910
+380676741718
+380676741718
+380676741718
+380676741718
+380676741718
+380676741718
+380676741718
+380676741718
+380676741718
+380676741718
+380676741718
+380676741718
+380676741718
+380676741718
+380676741718
+380676741718
+380676741718
+380676741718
+380676741718
+380676741718
+380676741718
+380676741718
+380676741718
+380676741718
+380676741718
+380676741718
+380676741718
+380676741718
+380676741718
+380676741718
+380676741718
+380676741718
+380676741718
+380676741718
+380676741718
+380676741718
+380676741718
+380676741718
+380676741718
+380676741718
+380676741718
+380676741718
+380676741718
+380676741718
+380676741718
+380676741718
+380676741718
+380676741718
+380671344562
+380673772783
+380934732931
+380673772783
+380934732931
+380676741718
+380673772783
+380934732931
+380673772783
+380934732931
+380673772783
+380934732931
+380673772783
+380934732931
+380673772783
+380934732931
+380673772783
+380934732931
+380673772783
+380934732931
+380673772783
+380934732931
+380673772783
+380934732931
+380673772783
+380934732931
+380673772783
+380934732931
+380673772783
+380934732931
+380673772783
+380934732931
+380673772783
+380934732931
+380673772783
+380934732931
+380673772783
+380934732931
+380673772783
+380934732931
+380673772783
+380934732931
+380673772783
+380934732931
+380673772783
+380934732931
+380673772783
+380934732931
+380673772783
+380934732931
+380673772783
+380934732931
+380673772783
+380934732931
+380673772783
+380934732931
+380673772783
+380934732931
+380673772783
+380934732931
+380673772783
+380934732931
+380673772783
+380934732931
+380673772783
+380934732931
+380673772783
+380934732931
+380673772783
+380934732931
+380673772783
+380934732931
+380673772783
+380934732931
+380673772783
+380934732931
+380673772783
+380934732931
+380673772783
+380934732931
+380673772783
+380934732931
+380673772783
+380934732931
+380673772783
+380934732931
+380673772783
+380934732931
+380673772783
+380934732931
+380673772783
+380934732931
+380673772783
+380934732931
+380673772783
+380934732931
+380673772783
+380934732931
+380673772783
+380934732931
+380673772783
+380934732931
+380673772783
+380934732931
+380673772783
+380934732931
+380673772783
+380934732931
+380673772783
+380934732931
+380673772783
+380934732931
+380673772783
+380934732931
+380673772783
+380934732931
+380673772783
+380934732931
+380673772783
+380934732931
+380673772783
+380934732931
+380673772783
+380934732931
+380673772783
+380934732931
+380673772783
+380934732931
+380673772783
+380934732931
+380673772783
+380934732931
+380673772783
+380934732931
+380673772783
+380934732931
+380673772783
+380934732931
+380673772783
+380934732931
+380673772783
+380934732931
+380673772783
+380934732931
+380673772783
+380934732931
+380673772783
+380934732931
+380673772783
+380934732931
+380673772783
+380934732931
+380673772783
+380934732931
+380936627283
+380673772783
+380934732931
+380673772783
+380934732931
+380673772783
+380934732931
+380673772783
+380934732931
+380673772783
+380934732931
+380936627283
+380673772783
+380934732931
+380673772783
+380934732931
+380673772783
+380934732931
+380673772783
+380934732931
+380673772783
+380934732931
+380673772783
+380934732931
+380673772783
+380934732931
+380673772783
+380934732931
+380673772783
+380934732931
+380673772783
+380934732931
+380673772783
+380934732931
+380673772783
+380934732931
+380673772783
+380934732931
+380673772783
+380934732931
+380673772783
+380934732931
+380673772783
+380934732931
+380673772783
+380934732931
+380673772783
+380934732931
+380673772783
+380934732931
+380673772783
+380934732931
+380673772783
+380934732931
+380673772783
+380934732931
+380673772783
+380934732931
+380673772783
+380934732931
+380673772783
+380934732931
+380673772783
+380934732931
+380673772783
+380934732931
+380673772783
+380934732931
+380673772783
+380934732931
+380673772783
+380934732931
+380673772783
+380934732931
+380673772783
+380934732931
+380673772783
+380934732931
+380673772783
+380934732931
+380673772783
+380934732931
+380673772783
+380934732931
+380673772783
+380934732931
+380673772783
+380934732931
+380673772783
+380934732931
+380673772783
+380934732931
+380673772783
+380934732931
+380935793045
+380935793045
+380673772783
+380934732931
+380673772783
+380934732931
+380673772783
+380934732931
+380673772783
+380934732931
+380673772783
+380934732931
+380673772783
+380934732931
+380673772783
+380934732931
+380673772783
+380934732931
+380673772783
+380934732931
+380673772783
+380934732931
+380673772783
+380934732931
+380673772783
+380934732931
+380673772783
+380934732931
+380673772783
+380934732931
+380673772783
+380934732931
+380673772783
+380934732931
+380673772783
+380934732931
+380673772783
+380934732931
+380673772783
+380934732931
+380673772783
+380934732931
+380673772783
+380934732931
+380673772783
+380934732931
+380673772783
+380934732931
+380673772783
+380934732931
+380673772783
+380934732931
+380673772783
+380934732931
+380673772783
+380934732931
+380673772783
+380934732931
+380673772783
+380934732931
+380673772783
+380934732931
+380673772783
+380934732931
+380673772783
+380934732931
+380673772783
+380934732931
+380673772783
+380934732931
+380673772783
+380934732931
+380673772783
+380934732931
+380673772783
+380934732931
+380673772783
+380934732931
+380673772783
+380934732931
+380673772783
+380934732931
+380673772783
+380934732931
+380673772783
+380934732931
+380673772783
+380934732931
+380673772783
+380934732931
+380673772783
+380934732931
+380673772783
+380934732931
+380673772783
+380934732931
+380673772783
+380934732931
+380673772783
+380934732931
+380673772783
+380934732931
+380673772783
+380934732931
+380673772783
+380934732931
+380673772783
+380934732931
+380673772783
+380934732931
+380673772783
+380934732931
+380673772783
+380934732931
+380673772783
+380934732931
+380673772783
+380934732931
+380673772783
+380934732931
+380673772783
+380934732931
+380673772783
+380934732931
+380673772783
+380934732931
+380673772783
+380934732931
+380673772783
+380934732931
+380673772783
+380934732931
+380673772783
+380934732931
+380673772783
+380934732931
+380673772783
+380934732931
+380673772783
+380934732931
+380673772783
+380934732931
+380673772783
+380934732931
+380673772783
+380934732931
+380673772783
+380934732931
+380673772783
+380934732931
+380673772783
+380934732931
+380673772783
+380934732931
+380673772783
+380934732931
+380673772783
+380934732931
+380673772783
+380934732931
+380673772783
+380934732931
+380673772783
+380934732931
+380673772783
+380934732931
+380673772783
+380934732931
+380673772783
+380934732931
+380673772783
+380934732931
+380673772783
+380934732931
+380673772783
+380934732931
+380673772783
+380934732931
+380673772783
+380934732931
+380673772783
+380934732931
+380673772783
+380934732931
+380673772783
+380934732931
+380673772783
+380934732931
+380673772783
+380934732931
+380673772783
+380934732931
+380673772783
+380934732931
+380673772783
+380934732931
+380673772783
+380934732931
+380673772783
+380934732931
+380673772783
+380934732931
+380673772783
+380934732931
+380673772783
+380934732931
+380673772783
+380934732931
+380673772783
+380934732931
+380673772783
+380934732931
+380673772783
+380934732931
+380673772783
+380934732931
+380673772783
+380934732931
+380673772783
+380934732931
+380673772783
+380934732931
+380673772783
+380934732931
+380673772783
+380934732931
+380673772783
+380934732931
+380673772783
+380934732931
+380673772783
+380934732931
+380673772783
+380934732931
+380673772783
+380934732931
+380673772783
+380934732931
+380673772783
+380934732931
+380673772783
+380934732931
+380673772783
+380934732931
+380673772783
+380934732931
+380673772783
+380934732931
+380673772783
+380934732931
+380673772783
+380934732931
+380673772783
+380934732931
+380673772783
+380934732931
+380673772783
+380934732931
+380673772783
+380934732931
+380673772783
+380934732931
+380673772783
+380934732931
+380673772783
+380934732931
+380673772783
+380934732931
+380673772783
+380934732931
+380673772783
+380934732931
+380673772783
+380934732931
+380673772783
+380934732931
+380673772783
+380934732931
+380673772783
+380934732931
+380673772783
+380934732931
+380673772783
+380934732931
+380673772783
+380934732931
+380673772783
+380934732931
+380673772783
+380934732931
+380673772783
+380934732931
+380673772783
+380934732931
+380673772783
+380934732931
+380673772783
+380934732931
+380673772783
+380934732931
+380673772783
+380934732931
+380673772783
+380934732931
+380673772783
+380934732931
+380673772783
+380934732931
+380673772783
+380934732931
+380676741718
+380676741718
+380676741718
+380673772783
+380934732931
+380676741718
+380676741718
+380676741718
+380676741718
+380676741718
+380676741718
+380676741718
+380676741718
+380676741718
+380676741718
+380676741718
+380676741718
+380676741718
+380676741718
+380676741718
+380676741718
+380676741718
+380676741718
+380676741718
+380676741718
+380676741718
+380676741718
+380676741718
+380676741718
+380676741718
+380676741718
+380676741718
+380676741718
+380676761207
+380676741718
+380676741718
+380676741718
+380676741718
+380676741718
+380676741718
+380676741718
+380676741718
+380676741718
+380676741718
+380676761207
+380676741718
+380676741718
+380676741718
+380638702383
+380985217538
+380502805666
+380976028818
+380666437279
+380934369864
+380976386020
+380673731824
+380673731824
+380676741718
+380673731824
+380676741718
+380676741718
+380676741718
+380676741718
+380676741718
+380676741718
+380676741718
+380676741718
+380673731824
+380676741718
+380676741718
+380676741718
+380676741718
+380676741718
+380676741718
+380676741718
+380676741718
+380676741718
+380676741718
+380676741718
+380676741718
+380676741718
+380676741718
+380676741718
+380676741718
+380676741718
+380676741718
+380676741718
+380676741718
+380676741718
+380676741718
+380676741718
+380676741718
+380676741718
+380676741718
+380676741718
+380676741718
+380676741718
+380676741718
+380676741718
+380676741718
+380676741718
+380676741718
+380676741718
+380676741718
+380676741718
+380676741718
+380934391616
+380966251648
+380676741718
+380932288840
+380673534688
+380675859358
+380982665222
+380632256000
+380982665222
+380632256000
+380676741718
+380676741718
+380676741718
+380676741718
+380976903584
+380676741718
+380676741718
+380676741718
+380676741718
+380676741718
+380982665222
+380632256000
+380676741718
+380676741718
+380676741718
+380676741718
+380676741718
+380676741718
+380676741718
+380676741718
+380676741718
+380676741718
+380676741718
+380676741718
+380676741718
+380676741718
+380676741718
+380676741718
+380676741718
+380676741718
+380676741718
+380676741718
+380676741718
+380676741718
+380676741718
+380676741718
+380676741718
+380676741718
+380676741718
+380676741718
+380676741718
+380676741718
+380676741718
+380676741718
+380676741718
+380676741718
+380676741718
+380676741718
+380634686972
+380631702825
+380676461921
+380984591540
+380951140971
+380986047753
+380674232881
+380666445754
+380938673555
+380634298858
+380676741718
+380676741718
+380676741718
+380676741718
+380676741718
+380676741718
+380676741718
+380676741718
+380676741718
+380676741718
+380676741718
+380676741718
+380676741718
+380676741718
+380676741718
+380676741718
+380676741718
+380676741718
+380676741718
+380676741718
+380676741718
+380676741718
+380676741718
+380676741718
+380676741718
+380676741718
+380676741718
+380676741718
+380676741718
+380676741718
+380676741718
+380676741718
+380676741718
+380676741718
+380676741718
+380676741718
+380676741718
+380676741718
+380676741718
+380676741718
+380676741718
+380676741718
+380676741718
+380676741718
+380676741718
+380676741718
+380676741718
+380676741718
+380676741718
+380676741718
+380673140539
+380661529337
+380676741718
+380971313930
+380674232881
+380666445754
+380938673555
+380674232881
+380666445754
+380938673555
+380676741718
+380676741718
+380676741718
+380676741718
+380676741718
+380676741718
+380931855580
+380676741718
+380676741718
+380676741718
+380676741718
+380676741718
+380676741718
+380676741718
+380676741718
+380676741718
+380676741718
+380676741718
+380676741718
+380676741718
+380676741718
+380676741718
+380676741718
+380676741718
+380676741718
+380676741718
+380676741718
+380676741718
+380676741718
+380676741718
+380676741718
+380676741718
+380676741718
+380676741718
+380676741718
+380676741718
+380676741718
+380676741718
+380676741718
+380676741718
+380676741718
+380676741718
+380676741718
+380676741718
+380676741718
+380676741718
+380676741718
+380676741718
+380676741718
+380676741718
+380676741718
+380676741718
+380676741718
+380676741718
+380676741718
+380973127278
+380676741718
+380671849683
+380934985032
+380671849683
+380934985032
+380687258193
+380676741718
+380676741718
+380676741718
+380676741718
+380676741718
+380676741718
+380954626798
+380676741718
+380676741718
+380676741718
+380676741718
+380676741718
+380676741718
+380676741718
+380676741718
+380676741718
+380676741718
+380676741718
+380676741718
+380676741718
+380676741718
+380676741718
+380676741718
+380676741718
+380676741718
+380676741718
+380676741718
+380676741718
+380676741718
+380676741718
+380676741718
+380676741718
+380676741718
+380676741718
+380676741718
+380676741718
+380676741718
+380676741718
+380676741718
+380676741718
+380676741718
+380676741718
+380676741718
+380676741718
+380676741718
+380676741718
+380676741718
+380676741718
+380676741718
+380676741718
+380676741718
+380676741718
+380676741718
+380676741718
+380676741718
+380676741718
+380676741718
+380677138224
+380677307306
+380676731718
+380674232881
+380666445754
+380938673555
+380971107986
+380677307306
+380676731718
+380674232881
+380666445754
+380938673555
+380677307306
+380676731718
+380674232881
+380666445754
+380938673555
+380677307306
+380676731718
+380677307306
+380676731718
+380677307306
+380676731718
+380677307306
+380676731718
+380677307306
+380676731718
+380985815307
+380678359355
+380676741718
+380676741718
+380676741718
+380676741718
+380677307306
+380676731718
+380676741718
+380676741718
+380676741718
+380676741718
+380676741718
+380676741718
+380676741718
+380676741718
+380676741718
+380676741718
+380676741718
+380676741718
+380676741718
+380676741718
+380676741718
+380676741718
+380676741718
+380676728039
+380676741718
+380676741718
+380676741718
+380676741718
+380676741718
+380676741718
+380676741718
+380676741718
+380676741718
+380676741718
+380676741718
+380676741718
+380676741718
+380676741718
+380676741718
+380676741718
+380676741718
+380676741718
+380676741718
+380676741718
+380676741718
+380676741718
+380676741718
+380676741718
+380676741718
+380676741718
+380676741718
+380963444196
+380639928828
+380686247883
+380937199869
+380507328099
+380677307306
+380676731718
+380632087947
+380676741718
+380969016763
+380969016763
+380964579727
+380673731824
+380676741718
+380676741718
+380676741718
+380676741718
+380676741718
+380632087947
+380676741718
+380676741718
+380676741718
+380676741718
+380676741718
+380676741718
+380676741718
+380676741718
+380676741718
+380676741718
+380676741718
+380676741718
+380676741718
+380676741718
+380676741718
+380676741718
+380676741718
+380676741718
+380676741718
+380676741718
+380676741718
+380676741718
+380676741718
+380676741718
+380676741718
+380676741718
+380676741718
+380676741718
+380676741718
+380676741718
+380676741718
+380676741718
+380676741718
+380676741718
+380676741718
+380676741718
+380676741718
+380676741718
+380676741718
+380676741718
+380689849456
+380676741718
+380676741718
+380676741718
+380676741718
+380676741718
+380674232881
+380666445754
+380938673555
+380674232881
+380666445754
+380938673555
+380674232881
+380666445754
+380938673555
+380676741718
+380674232881
+380666445754
+380938673555
+380677093999
+380677307306
+380676731718
+380687536188
+380953430321
+380962021323
+380969799183
+380677135960
+380676741718
+380674232881
+380666445754
+380938673555
+380676741718
+380676741718
+380676741718
+380676741718
+380676741718
+380676741718
+380676741718
+380676741718
+380676741718
+380676741718
+380676741718
+380676741718
+380676741718
+380676741718
+380676741718
+380676741718
+380676741718
+380676741718
+380676741718
+380676741718
+380676741718
+380676741718
+380677079542
+380972878696
+380934391616
+380966251648
+380676741718
+380676741718
+380676741718
+380676741718
+380676741718
+380676741718
+380676741718
+380676741718
+380676741718
+380676741718
+380676741718
+380676741718
+380676741718
+380676741718
+380676741718
+380676741718
+380676741718
+380676741718
+380676741718
+380676741718
+380676741718
+380676741718
+380676741718
+380676741718
+380936710377
+380676741718
+380676741718
+380676741718
+380676741718
+380676741718
+380676741718
+380979890941
+380976903584
+380672556157
+380672556157
+380987702610
+380676741718
+380676745086
+380676741718
+380676741718
+380676741718
+380676741718
+380676741718
+380676741718
+380676741718
+380676741718
+380676741718
+380676741718
+380676741718
+380676741718
+380676741718
+380676741718
+380676741718
+380676741718
+380676741718
+380676741718
+380676741718
+380676741718
+380965702643
+380637025980
+380676741718
+380676741718
+380676741718
+380676741718
+380676741718
+380676741718
+380673024003
+380989760925
+380676741718
+380676741718
+380676741718
+380676741718
+380676741718
+380676741718
+380676741718
+380676741718
+380676741718
+380676741718
+380676741718
+380676741718
+380676741718
+380676741718
+380676741718
+380676741718
+380676741718
+380676741718
+380675859358
+380977134077
+380661945044
+380678453713
+380633095003
+380971313930
+380680412583
+380676741718
+380676741718
+380676741718
+380676741718
+380676741718
+380676741718
+380676741718
+380676741718
+380676741718
+380676741718
+380676741718
+380678596185
+380676741718
+380678596185
+380676741718
+380676741718
+380676741718
+380676741718
+380676741718
+380678596185
+380678596185
+380678596185
+380678596185
+380678596185
+380678596185
+380678596185
+380676741718
+380676741718
+380676741718
+380676741718
+380676741718
+380676741718
+380678596185
+380678596185
+380678596185
+380678596185
+380678596185
+380678596185
+380678596185
+380676741718
+380676741718
+380676741718
+380678596185
+380676741718
+380676741718
+380676741718
+380676741718
+380676741718
+380676741718
+380676741718
+380676741718
+380676741718
+380676741718
+380676741718
+380676741718
+380676741718
+380676741718
+380676741718
+380676741718
+380676741718
+380676741718
+380676741718
+380676741718
+380678596185
+380678596185
+380678596185
+380678596185
+380678596185
+380678596185
+380678596185
+380678596185
+380678596185
+380678596185
+380678596185
+380678596185
+380678596185
+380678596185
+380678596185
+380678596185
+380678596185
+380678596185
+380678596185
+380678596185
+380678596185
+380678596185
+380678596185
+380678596185
+380678596185
+380678596185
+380678596185
+380678596185
+380678596185
+380678596185
+380678596185
+380972451300
+380676753486
+380673205005
+380963517538
+380677599522
+380956002680
+380676736984
+380635497822
+380678596185
+380673731824
+380969697798
+380673701054
+380673731824
+380676741718
+380676741718
+380676741718
+380676741718
+380676741718
+380986833619
+380950766763
+380676741718
+380676741718
+380676741718
+380676741718
+380676741718
+380676741718
+380676741718
+380676741718
+380676741718
+380676741718
+380676741718
+380676741718
+380676741718
+380676741718
+380676741718
+380676741718
+380676741718
+380676741718
+380676741718
+380676741718
+380676741718
+380676741718
+380676741718
+380676741718
+380676741718
+380676741718
+380676741718
+380676741718
+380676741718
+380676741718
+380676741718
+380676741718
+380676741718
+380676741718
+380676741718
+380676741718
+380676741718
+380676741718
+380676741718
+380676741718
+380676741718
+380676741718
+380673657389
+380676741718
+380676741718
+380676741718
+380676741718
+380676741718
+380676741718
+380676741718
+380676741718
+380676741718
+380676741718
+380676741718
+380676741718
+380673657389
+380986833619
+380950766763
+380974347676
+380505341961
+380997571112
+380507828887
+380630720624
+380681563655
+380676741718
+380986833619
+380950766763
+380974347676
+380505341961
+380997571112
+380507828887
+380630720624
+380681563655
+380682247138
+380930983538
+380934391616
+380966251648
+380639642587
+380676741718
+380676741718
+380673657389
+380934391616
+380966251648
+380639642587
+380676741718
+380676741718
+380676741718
+380676741718
+380676741718
+380676741718
+380676741718
+380930983538
+380934391616
+380966251648
+380639642587
+380676741718
+380676741718
+380676741718
+380676741718
+380676741718
+380676741718
+380676741718
+380930983538
+380676741718
+380676741718
+380676741718
+380676741718
+380676741718
+380676741718
+380676741718
+380676741718
+380676741718
+380676741718
+380676741718
+380676741718
+380676741718
+380676741718
+380676741718
+380676741718
+380676741718
+380676741718
+380676741718
+380676741718
+380676741718
+380676741718
+380676741718
+380676741718
+380676741718
+380676741718
+380676741718
+380676741718
+380676741718
+380676741718
+380676741718
+380676741718
+380676741718
+380676741718
+380676741718
+380676741718
+380676741718
+380676741718
+380676741718
+380676741718
+380676741718
+380676741718
+380676741718
+380676741718
+380676741718
+380676741718
+380986234095
+380671610910
+380962055762
+380676741718
+380679291230
+380677181249
+380676741718
+380676741718
+380676741718
+380676741718
+380676741718
+380676741718
+380676741718
+380676741718
+380978531599
+380676741718
+380676741718
+380676741718
+380676741718
+380676741718
+380676741718
+380676741718
+380676741718
+380676741718
+380676741718
+380676741718
+380676741718
+380676741718
+380676741718
+380676741718
+380676741718
+380676741718
+380676741718
+380676741718
+380676741718
+380676741718
+380676741718
+380676741718
+380676741718
+380676741718
+380676741718
+380676741718
+380676741718
+380676741718
+380676741718
+380676741718
+380676741718
+380676741718
+380676741718
+380676741718
+380676741718
+380676741718
+380676741718
+380676741718
+380676741718
+380676741718
+380676741718
+380954626798
+380678903101
+380662182687
+380983667318
+380977562683
+380322340397
+380986951488
+380986951488
+380986951488
+380676741718
+380986917086
+380986917086
+380986917086
+380986917086
+380676741718
+380676741718
+380971313930
+380976494708
+380935316274
+380963444196
+380639928828
+380963444196
+380639928828
+380673702260
+380673702260
+380673702260
+380676741718
+380673232225
+380673232225
+380673232082
+380673232082
+380932892263
+380673232082
+380932892263
+380673232080
+380673232080
+380673232225
+380673232080
+380673232101
+380673232101
+380673232101
+380963444196
+380639928828
+380673232060
+380673232060
+380673232060
+380673706810
+380932892263
+380673706810
+380672231700
+380672231700
+380672231700
+380673232245
+380673232245
+380673232245
+380673707355
+380673707355
+380673706810
+380938599785
+380970120883
+380986574654
+380676741718
+380676741718
+380676741718
+380676741718
+380676741718
+380676741718
+380673707355
+380676741718
+380676741718
+380676741718
+380676741718
+380676741718
+380676741718
+380676741718
+380986833619
+380950766763
+380938265528
+380676741718
+380676741718
+380676741718
+380676741718
+380676741718
+380676741718
+380676741718
+380676741718
+380676741718
+380676741718
+380676741718
+380676741718
+380634306895
+380676721217
+380680719737
+380673702790
+380673406225
+380680719737
+380673702790
+380680719737
+380673702790
+380673232280
+380673232280
+380673232280
+380673731824
+380677307306
+380676731718
+380673731824
+380966112705
+380934664031
+380677903698
+380938865513
+380676741718
+380676741718
+380676741718
+380676741718
+380676767436
+380676741718
+380676741718
+380676741718
+380676741718
+380676741718
+380676741718
+380934391616
+380966251648
+380676741718
+380676741718
+380676741718
+380676741718
+380676741718
+380676741718
+380676741718
+380676741718
+380934391616
+380966251648
+380676741718
+380676741718
+380676741718
+380676741718
+380663433826
+380677307306
+380676731718
+380677307306
+380676731718
+380677307306
+380676731718
+380677307306
+380676731718
+380677307306
+380676731718
+380979814309
+380935009167
+380677307306
+380676731718
+380677307306
+380676731718
+380676741718
+380933619003
+380676741718
+380676741718
+380676741718
+380676741718
+380676741718
+380676741718
+380676741718
+380676741718
+380934428899
+380676741718
+380676741718
+380676741718
+380676741718
+380676741718
+380676741718
+380676741718
+380676741718
+380676741718
+380676741718
+380676741718
+380676741718
+380676741718
+380676741718
+380676741718
+380676741718
+380676741718
+380676741718
+380676741718
+380676741718
+380676741718
+380676741718
+380975790400
+380977134077
+380971373680
+380971373680
+380673731824
+380673731824
+380673731824
+380676741718
+380673731824
+380673731824
+380673419011
+380676741718
+380676714372
+380677769868
+380674232881
+380666445754
+380938673555
+380674232881
+380666445754
+380938673555
+380674232881
+380666445754
+380938673555
+380673731824
+380674232881
+380666445754
+380938673555
+380674232881
+380666445754
+380938673555
+380674232881
+380666445754
+380938673555
+380966599731
+380934391616
+380966251648
+380933619003
+380676741718
+380676741718
+380676741718
+380674232881
+380666445754
+380938673555
+380676741718
+380676741718
+380676741718
+380676741718
+380676741718
+380676741718
+380676741718
+380676741718
+380676741718
+380676741718
+380676741718
+380630605387
+380676741718
+380963444196
+380639928828
+380676741718
+380676741718
+380639949065
+380676741718
+380676741718
+380734873825
+380681604423
+380681603865
+380676741718
+380676741718
+380676741718
+380676741718
+380676741718
+380673085175
+380982135622
+380322641496
+380674232881
+380666445754
+380938673555
+380980154872
+380980154884
+380630249035
+380679606986
+380934861700
+380636004494
+380974554002
+380975866738
+380962841260

