+380674651456
+380506339033
+380632077733
+380675853775
+380973025887
+380937924460
+380995640561
+380957487808
+380953288598
+380577507570
+380957487808
+380953288598
+380577507570
+380501404911
+380503021072
+380981277555
+380932757583
+380577583492
+380977897757
+380674651456
+380977897757
+380977897757
+380964385725
+380997893726
+380662924988
+380662924988
+380506885575
+380984913128
+380675785031
+380977897757
+380950973069
+380731350378
+380502854513
+380934928385
+380631068078
+380666168165
+380667939615
+380993101481
+380686114540
+380505693691
+380950425053
+380954881968
+380933347989
+380505698026
+380505698026
+380503827697
+380633284260
+380633284260
+380675846101
+380933347989
+380505693691
+380978444068
+380937617844
+380930387504
+380677238845
+380955361600
+380988221989
+380677954452
+380677954452
+380682771555
+380978444068
+380671221345
+380505129521
+380990303910
+380976558618
+380504033674
+380931292485
+380953112369
+380631967884
+380636891120
+380636891120
+380631134464
+380967000903
+380506968675
+380636037867
+380990898121
+380966809200
+380673737317
+380950440989
+380688116276
+380504021014
+380501330931
+380501330931
+380509777967
+380507113140
+380938005181
+380632454180
+380939691140
+380957487808
+380953288598
+380577507570
+380663650231
+380663650231
+380663650231
+380501635015
+380688032566
+380634370814
+380956936746
+380937924460
+380995640561
+380937924460
+380995640561
+380937924460
+380995640561
+380966809200
+380933220380
+380950175473
+380982379418
+380951000018
+380993522441
+380937924460
+380995640561
+380966809200
+380938518999
+380956292195
+380669330315
+380974174654
+380679947977
+380503018807
+380978444068
+380996119164
+380958297760
+380995108953
+380973303352
+380996119164
+380935529835
+380956292195
+380996119164
+380996119164
+380933347989
+380957487808
+380953288598
+380577507570
+380936471610
+380503030127
+380991544752
+380661290054
+380506192532
+380661290054
+380661290054
+380930329046
+380633821112
+380930329046
+380980662786
+380930329046
+380635928895
+380951222625
+380935231192
+380935231192
+380935231192
+380634948878
+380992000252
+380983499778
+380937181353
+380734422952
+380977139462
+380632363079
+380509356226
+380973246775
+380675744059
+380679562913
+380966568002
+380992739447
+380990053099
+380930045046
+380663637005
+380663637005
+380988519350
+380663163440
+380988519350
+380663163440
+380501735001
+380679913245
+380662710233
+380636127234
+380976858730
+380507140934
+380503007374
+380683135050
+380639244845
+380970303181
+380955634119
+380970303181
+380975333135
+380502886368
+380964046042
+380506158095
+380949778345
+380969248121
+380970929133
+380675787000
+380988430101
+380505548753
+380630513588
+380509890245
+380509890245
+380635058463
+380663320324
+380984700007
+380661572141
+380686095054
+380636615787
+380969545241
+380635309720
+380665040398
+380973852383
+380630103352
+380954557652
+380661386594
+380661386594
+380661386594
+380982278676
+380639201925
+380631111727
+380999329632
+380968610432
+380968610432
+380968610432
+380500243113
+380500243113
+380987864583
+380661378139
+380631071881
+380662727354
+380939050706
+380939050706
+380972824277
+380508686366
+380955888632
+380675794175
+380934833527
+380577732322
+380503434587
+380731534578
+380503688578
+380504018090
+380677931024
+380664960199
+380637306151
+380577529738
+380636777653
+380977506981
+380731534578
+380937616071
+380577643676
+380678956100
+380937310203
+380666259445
+380989153216
+380990240973
+380935230112
+380505129021
+380970937611
+380951276921
+380660029376
+380939846456
+380938742124
+380503002608
+380506474813
+380999321690
+380667402323
+380634740083
+380661603622
+380661603622
+380991988974
+380638629375
+380950762146
+380985938716
+380966461900
+380986718978
+380979148802
+380954902231
+380506318831
+380954902231
+380675705930
+380954902231
+380661603622
+380675785031
+380662424319
+380977062408
+380686048193
+380930012156
+380999607422
+380505511739
+380669925534
+380506518737
+380933083445
+380633860239
+380633860239
+380679736168
+380935492360
+380679736168
+380935492360
+380937924460
+380995640561
+380665597871
+380631191403
+380631191403
+380631191403
+380509057950
+380675793082
+380997507866
+380507113140
+380938005181
+380934988211
+380633860239
+380508611557
+380938733891
+380999675950
+380508596955
+380633199903
+380957033281
+380999070718
+380679210438
+380577808791
+380633448899
+380504005912
+380636326011
+380506370982
+380506370982
+380636326011
+380636326011
+380669937305
+380982718505
+380988578458
+380991405474
+380991405474
+380991405474
+380506936661
+380935623414
+380503876114
+380502249012
+380638576082
+380990962468
+380960641137
+380731534029
+380731534029
+380502249012
+380660029376
+380636037867
+380731534029
+380636037867
+380953992201
+380953992201
+380502249012
+380933320825
+380933320807
+380933320825
+380933320807
+380933320825
+380933320807
+380973146885
+380632258368
+380980662786
+380953992201
+380950486717
+380937675585
+380937431929
+380506305306
+380997571332
+380965987513
+380997571332
+380965987513
+380999182459
+380936608592
+380936608592
+380968677852
+380680204210
+380938602840
+380938602840
+380731696474
+380997326476
+380997326476
+380997326476
+380683438677
+380995676308
+380979044999
+380673494351
+380934775792
+380965481437
+380500413961
+380937616071
+380577643676
+380954197976
+380577562159
+380954197976
+380577562159
+380981552063
+380930383115
+380981552063
+380685189515
+380965415154
+380679396059
+380956183826
+380937616904
+380661317042
+380636777653
+380661317042
+380661317042
+380688811894
+380683438677
+380688811894
+380505937293
+380981552063
+380934104653
+380984835019
+380660304300
+380500705120
+380661572141
+380662156805
+380661572141
+380500473761
+380975157192
+380937924460
+380995640561
+380686008512
+380679626271
+380660866185
+380577568873
+380952075855
+380976599558
+380968406672
+380968406672
+380968406672
+380677928417
+380999509708
+380577564890
+380677928417
+380999509708
+380577564890
+380677928417
+380999509708
+380577564890
+380677989402
+380637113341
+380970021422
+380507112010
+380678890627
+380956111814
+380988913073
+380974536364
+380974536364
+380501635015
+380679471912
+380633661077
+380971863499
+380665733009
+380503233402
+380677928417
+380999509708
+380577564890
+380976156198
+380677928417
+380999509708
+380577564890
+380677928417
+380999509708
+380577564890
+380669949704
+380934580348
+380963810191
+380665619521
+380962499852
+380962499852
+380660304300
+380996282352
+380508552845
+380504011593
+380503640145
+380996282352
+380666208597
+380933119541
+380660304300
+380731534766
+380731534766
+380731534766
+380990153267
+380933361826
+380933361826
+380933361826
+380667056839
+380956619866
+380667056839
+380675751167
+380937924460
+380995640561
+380939051162
+380993174325
+380964701420
+380990153267
+380502750479
+380502750479
+380937924460
+380995640561
+380937924460
+380995640561
+380953994085
+380975359293
+380934415925
+380954419690
+380930279556
+380665342004
+380637577458
+380660480888
+380991910358
+380688032566
+380634370814
+380937924460
+380995640561
+380965537110
+380939527789
+380958051053
+380939527789
+380958051053
+380502281700
+380633638058
+380973524377
+380962130430
+380634564475
+380937924460
+380995640561
+380964809232
+380675763706
+380937924460
+380995640561
+380934002567
+380973660815
+380999554001
+380667243917
+380937924460
+380995640561
+380975999050
+380507498307
+380937924460
+380995640561
+380937924460
+380995640561
+380634846858
+380937924460
+380995640561
+380639581885
+380960787751
+380996674880
+380996674880
+380996674880
+380734798235
+380734798236
+380734798236
+380501404911
+380501404911
+380956539150
+380507848100
+380960151035
+380505711810
+380505711810
+380505711810
+380503279097
+380503279097
+380504060898
+380503279097
+380501404911
+380632364540
+380680643793
+380734652530
+380677662500
+380637428669
+380669318376
+380953994085
+380677449427
+380956539150
+380503024222
+380960787751
+380509703089
+380970820909
+380935250646
+380997940746
+380676200788
+380931417978
+380961691728
+380671895452
+380509110369
+380509110369
+380686034015
+380996504882
+380633488282
+380931335715
+380633488282
+380955361600
+380503038432
+380991096069
+380991096069
+380992640660
+380508149420
+380633488282
+380637384230
+380637384230
+380637384230
+380637384255
+380637384255
+380637384255
+380734662119
+380734662119
+380734662119
+380505344000
+380630498271
+380679574165
+380939394883
+380630498271
+380630498271
+380639138145
+380639138145
+380639138145
+380935866731
+380939394883
+380508714300
+380935866731
+380734798236
+380634198726
+380634198726
+380634198726
+380938602840
+380734798235
+380734798235
+380935866731
+380970279813
+380677043581
+380631980788
+380504023032
+380509292379
+380986690279
+380636468422
+380577551485
+380964385725
+380964385725
+380977506981
+380977506981
+380951338232
+380978035643
+380997893726
+380997893726
+380662924988
+380662924988
+380662924988
+380634505578
+380634505578
+380634505578
+380978035643
+380988325069
+380988325069
+380665219257
+380677837167
+380958297760
+380958297760
+380668279777
+380678139788
+380671530980
+380501516806
+380988325069
+380675475524
+380935812978
+380954026855
+380631042598
+380966947634
+380672587444
+380677961259
+380950992316
+380632464565
+380980581557
+380931495556
+380734745934
+380977849994
+380506911661
+380957487808
+380953288598
+380577507570
+380501680339
+380961435770
+380660097928
+380678982245
+380988538632
+380668238730
+380634889368
+380505979010
+380662640390
+380673000018
+380957352988
+380957487808
+380953288598
+380577507570
+380684204267
+380662527546
+380501897877
+380635230750
+380955540186
+380677095373
+380958638783
+380959415445
+380954600312
+380933272491
+380684251377
+380636200645
+380633032969
+380935685697
+380955431893
+380503230131
+380983697557
+380677066598
+380662818750
+380632995282
+380662283230
+380507747564
+380957487808
+380953288598
+380577507570
+380979870018
+380506975104
+380989825739
+380993106730
+380999629754
+380961908948
+380975157192
