+380504300700
+380987935687
+380939209989
+380979050833
+380981115011
+380930241624
+380672753171
+380676733958
+380986029331
+380503376363
+380504302636
+380676707307
+380673719450
+380684304343
+380965141057
+380639353532
+380985419960
+380985943622
+380672080804
+380504305326
+380684304343
+380674438990
+380673504110
+380684304343
+380684304343
+380930817725
+380971313930
+380964287878
+380638819560
+380933676910
+380503251505
+380674988988
+380972202837
+380969898621
+380501572717
+380986029331
+380972202837
+380503715077
+380952573093
+380965270138
+380933058973
+380503555190
+380503554941
+380503389263
+380969898621
+380505228938
+380673143162
+380939235346
+380934494033
+380679090313
+380962002944
+380939235346
+380934494033
+380679090313
+380939235346
+380934494033
+380679090313
+380676055555
+380983568171
+380981115011
+380930241624
+380503555190
+380503554941
+380503389263
+380973566340
+380676055555
+380983568171
+380676766555
+380978563768
+380676704712
+380666527439
+380986833619
+380950766763
+380503397337
+380950956271
+380939235346
+380934494033
+380679090313
+380934399214
+380673943522
+380673700701
+380676713321
+380979050833
+380938718389
+380978563768
+380632791608
+380632798035
+380973384889
+380503715077
+380672322402
+380661094468
+380673700701
+380501572717
+380665005666
+380677550181
+380931468025
+380672382503
+380960033845
+380973317025
+380680421004
+380674232881
+380666445754
+380938673555
+380970552770
+380992908163
+380673731824
+380938189605
+380677550181
+380931468025
+380978446098
+380975138753
+380982908627
+380505274288
+380674232881
+380666445754
+380938673555
+380679445400
+380676713321
+380676713321
+380962751802
+380673704807
+380500825542
+380674232881
+380666445754
+380938673555
+380674232881
+380666445754
+380938673555
+380969898621
+380674232881
+380666445754
+380938673555
+380674232881
+380666445754
+380938673555
+380974329873
+380676766555
+380673832640
+380934747819
+380663890837
+380632279964
+380964437054
+380677126181
+380676713321
+380674232881
+380666445754
+380938673555
+380633591884
+380960255556
+380673151155
+380679436967
+380676713321
+380676713321
+380676713321
+380930022400
+380930022400
+380674232881
+380666445754
+380938673555
+380676713321
+380970315970
+380631482621
+380673737911
+380991734545
+380673737911
+380991734545
+380673737911
+380991734545
+380673737911
+380991734545
+380671916495
+380963558542
+380674232881
+380666445754
+380938673555
+380992225969
+380962182425
+380962768085
+380939968093
+380960908163
+380960908163
+380960908163
+380976754902
+380960525652
+380939968093
+380637471222
+380444987953
+380444954053
+380930199635
+380930257533
+380632052477
+380677139221
+380677645568
+380935754312
+380676761129
+380676753415
+380986609441
+380981792697
+380964217736
+380960525652
+380963819209
+380639444496
+380500752201
+380960339919
+380934374962
+380661147247
+380981281638
+380679466192
+380632154083
+380968600772
+380964441741
+380975840989
+380673714355
+380683342768
+380680720435
+380637471222
+380984041420
+380673700701
+380968207365
+380931544316
+380676712159
+380503174659
+380666749249
+380974787407
+380975840989
+380931544316
+380931544316
+380931544316
+380976615625
+380931544316
+380931544316
+380931544316
+380672874319
+380671344562
+380978838060
+380671344562
+380671344562
+380509347608
+380975023678
+380631201488
+380983610947
+380633058051
+380676711970
+380638734075
+380673205005
+380676752750
+380983945823
+380635500565
+380322553285
+380673772783
+380934732931
+380673772783
+380934732931
+380673772783
+380934732931
+380676752750
+380983945823
+380635500565
+380322553285
+380673772783
+380934732931
+380676752750
+380983945823
+380635500565
+380322553285
+380676752750
+380983945823
+380635500565
+380322553285
+380676752750
+380983945823
+380635500565
+380322553285
+380673772783
+380934732931
+380676752750
+380983945823
+380635500565
+380322553285
+380676752750
+380983945823
+380635500565
+380322553285
+380673772783
+380934732931
+380673772783
+380934732931
+380932398646
+380938776901
+380673772783
+380934732931
+380986348860
+380673772783
+380934732931
+380673772783
+380934732931
+380971978947
+380673772783
+380934732931
+380938776901
+380673772783
+380934732931
+380673772783
+380934732931
+380677564631
+380673772783
+380934732931
+380673772783
+380934732931
+380673772783
+380934732931
+380986348860
+380673772783
+380934732931
+380970116729
+380934391616
+380966251648
+380938776901
+380938776901
+380986348920
+380500280911
+380632486629
+380977299623
+380630193148
+380673101505
+380678117072
+380673951589
+380974418300
+380672513292
+380671311554
+380932581900
+380938776901
+380637228334
+380965129631
+380673772783
+380934732931
+380673772783
+380934732931
+380673772783
+380934732931
+380974176808
+380974176808
+380974176808
+380673772783
+380934732931
+380973537151
+380934628960
+380673772783
+380934732931
+380673772783
+380934732931
+380932398646
+380673503700
+380673772783
+380934732931
+380673772783
+380934732931
+380962871653
+380673772783
+380934732931
+380673772783
+380934732931
+380673731824
+380974552777
+380673731824
+380662640738
+380992745333
+380985706211
+380634897227
+380676737602
+380634283479
+380938567660
+380673718336
+380635208261
+380634283479
+380934391616
+380966251648
+380634897227
+380934391616
+380966251648
+380676741718
+380676741718
+380676741718
+380676741718
+380632419619
+380673447221
+380676741718
+380676741718
+380983438494
+380970620522
+380934391616
+380966251648
+380934391616
+380966251648
+380936571441
+380985897227
+380676741718
+380985897227
+380985897227
+380966298302
+380679864405
+380676741718
+380676741718
+380676741718
+380676741718
+380676741718
+380667519929
+380676741718
+380676741718
+380676741718
+380637901939
+380676741718
+380676741718
+380676741718
+380676741718
+380676741718
+380676741718
+380676741718
+380676741718
+380676741718
+380676741718
+380637901939
+380970033610
+380989427868
+380939308657
+380675986062
+380676741718
+380963179426
+380989575971
+380676741718
+380676741718
+380676741718
+380676741718
+380676741718
+380676741718
+380676741718
+380963179426
+380676741718
+380676741718
+380672659540
+380730264735
+380676741718
+380676741718
+380676741718
+380676741718
+380676741718
+380676741718
+380676741718
+380676741718
+380676741718
+380676741718
+380676741718
+380676741718
+380676741718
+380676741718
+380676741718
+380993249989
+380676741718
+380934391616
+380966251648
+380957224677
+380935300444
+380679482080
+380979098375
+380979098375
+380975753236
+380952581609
+380442280452
+380442280452
+380963179426
+380442280452
+380673969255
+380672706307
+380685527617
+380964690910
+380937795728
+380678610378
+380979370680
+380985632476
+380634210330
+380442280452
+380322971161
+380322971163
+380322971161
+380322971163
+380322971161
+380322971163
+380322971161
+380322971163
+380322971161
+380322971163
+380322971161
+380322971163
+380322971161
+380322971163
+380322971161
+380322971163
+380322971161
+380322971163
+380634210330
+380322971161
+380322971163
+380322971161
+380322971163
+380322971161
+380322971163
+380322971161
+380322971163
+380322971161
+380322971163
+380675094946
+380972463530
+380680746878
+380631476209
+380675800508
+380322971161
+380322971163
+380676708629
+380935307721
+380676711514
+380977981346
+380974601391
+380660532488
+380974601391
+380660532488
+380974601391
+380660532488
+380974093822
+380988357770
+380931196543
+380679209015
+380504307998
+380673644176
+380634295880
+380673644176
+380634295880
+380677869246
+380956829936
+380971107986
+380930817725
+380678017607
+380504371902
+380997055524
+380997571112
+380507828887
+380630720624
+380681563655
+380931196543
+380679209015
+380997571112
+380507828887
+380630720624
+380681563655
+380631097767
+380997571112
+380507828887
+380630720624
+380681563655
+380984493983
+380937153685
+380679825015
+380679825015
+380938638259
+380679825015
+380975889510
+380976592939
+380975889510
+380673151155
+380673151155
+380673151155
+380963444196
+380639928828
+380676762187
+380671802375
+380632748236
+380963444196
+380639928828
+380679825015
+380963444196
+380639928828
+380963444196
+380639928828
+380963444196
+380639928828
+380963444196
+380639928828
+380982548971
+380502461824
+380970121024
+380984544078
+380980115753
+380963444196
+380639928828
+380971490847
+380974155370
+380978275644
+380969799251
+380969799288
+380966814831
+380963444196
+380639928828
+380966710959
+380674535943
+380322927727
+380957428370
+380977206427
+380963444196
+380639928828
+380634348863
+380977206499
+380938776901
+380982417256
+380963444196
+380639928828
+380963444196
+380639928828
+380686355281
+380674535943
+380322927727
+380963444196
+380639928828
+380686355281
+380963444196
+380639928828
+380963444196
+380639928828
+380963444196
+380639928828
+380673772783
+380934732931
+380963444196
+380639928828
+380963444196
+380639928828
+380963444196
+380639928828
+380963444196
+380639928828
+380963444196
+380639928828
+380673772783
+380934732931
+380963444196
+380639928828
+380963444196
+380639928828
+380963444196
+380639928828
+380963444196
+380639928828
+380673772783
+380934732931
+380983611513
+380970820490
+380963444196
+380639928828
+380962797284
+380673772783
+380934732931
+380676740511
+380987506759
+380673772783
+380934732931
+380673772783
+380934732931
+380673772783
+380934732931
+380673772783
+380934732931
+380503717391
+380673772783
+380934732931
+380503717391
+380673772783
+380934732931
+380673772783
+380934732931
+380977001537
+380673772783
+380934732931
+380673772783
+380934732931
+380673772783
+380934732931
+380673772783
+380934732931
+380631477887
+380673772783
+380934732931
+380673772783
+380934732931
+380673772783
+380934732931
+380959222000
+380676746670
+380673772783
+380934732931
+380673772783
+380934732931
+380962182425
+380962182425
+380673772783
+380934732931
+380631477887
+380962182425
+380962182425
+380962182425
+380673772783
+380934732931
+380503717391
+380673772783
+380934732931
+380984016881
+380673772783
+380934732931
+380673772783
+380934732931
+380673772783
+380934732931
+380633591278
+380978349069
+380974772539
+380631677842
+380679371212
+380971596362
+380976803205
+380986029331
+380633609955
+380673772783
+380934732931
+380986357319
+380673536797
+380986357319
+380673536797
+380986357319
+380673536797
+380986357319
+380673536797
+380986357319
+380673536797
+380986357319
+380673536797
+380986357319
+380673536797
+380986357319
+380673536797
+380986357319
+380673536797
+380673772783
+380934732931
+380633609955
+380987506759
+380633609955
+380985775887
+380673772783
+380934732931
+380673772783
+380934732931
+380673772783
+380934732931
+380673772783
+380934732931
+380938733977
+380964579727
+380676727986
+380673772783
+380934732931
+380676762153
+380673772783
+380934732931
+380676762153
+380673772783
+380934732931
+380673772783
+380934732931
+380992745333
+380673772783
+380934732931
+380678836963
+380673772783
+380934732931
+380674988253
+380322471457
+380673772783
+380934732931
+380673772783
+380934732931
+380673772783
+380934732931
+380673772783
+380934732931
+380673772783
+380934732931
+380983610891
+380673772783
+380934732931
+380673772783
+380934732931
+380673772783
+380934732931
+380673772783
+380934732931
+380673772783
+380934732931
+380673772783
+380934732931
+380673772783
+380934732931
+380673772783
+380934732931
+380673772783
+380934732931
+380936507220
+380673772783
+380934732931
+380673772783
+380934732931
+380673772783
+380934732931
+380673772783
+380934732931
+380673772783
+380934732931
+380994705574
+380673772783
+380934732931
+380983212403
+380673772783
+380934732931
+380673772783
+380934732931
+380673772783
+380934732931
+380673772783
+380934732931
+380673772783
+380934732931
+380673772783
+380934732931
+380673772783
+380934732931
+380673772783
+380934732931
+380971434393
+380671446600
+380671446600
+380633058051
+380673772783
+380934732931
+380673772783
+380934732931
+380676741718
+380676741718
+380676741718
+380676741718
+380934391616
+380966251648
+380934391616
+380966251648
+380662056843
+380672903894
+380676741718
+380676741718
+380676741718
+380676741718
+380676741718
+380676741718
+380676741718
+380676741718
+380676741718
+380676741718
+380662056843
+380672903894
+380959222000
+380676741718
+380673772783
+380934732931
+380676741718
+380676741718
+380676741718
+380676741718
+380676741718
+380676741718
+380676741718
+380676741718
+380959222000
+380676741718
+380638377707
+380662056843
+380672903894
+380676741718
+380676741718
+380676741718
+380676741718
+380676741718
+380676741718
+380676741718
+380676741718
+380676741718
+380676741718
+380674934831
+380676741718
+380676741718
+380676741718
+380676741718
+380676741718
+380676741718
+380676741718
+380676741718
+380676741718
+380676741718
+380959222000
+380442280452
+380676741718
+380676741718
+380676741718
+380676741718
+380676741718
+380676741718
+380676741718
+380676741718
+380676741718
+380676741718
+380676741718
+380676741718
+380676741718
+380676741718
+380676741718
+380676741718
+380676741718
+380676741718
+380676741718
+380676741718
+380676741718
+380676741718
+380676741718
+380676741718
+380934391616
+380966251648
+380980788675
+380503563519
+380444961149
+380673745467
+380662267886
+380938105443
+380985320000
+380938105443
+380985320000
+380938105443
+380985320000
+380938105443
+380985320000
+380679676584
+380938105443
+380985320000
+380938105443
+380985320000
+380931429285
+380977291440
+380673146787
+380633705777
+380982665413
+380930285684
+380938544282
+380987506759
+380935217204
+380978267809
+380963882541
+380935070046
+380630550271
+380676988764
+380976221557
+380985403974
+380938132118
+380634345269
+380667781334
+380962088234
+380956272729
+380632028183
+380637416254
+380930815657
+380983267693
+380636560239
+380965713356
+380631143990
+380633690965
+380639033998
+380688350245
+380961716911
+380993250107
+380987978545
+380504302450
+380676755929
+380934337949
+380633101124
+380674163495
+380677091048
+380931189427
+380968413764
+380968335801
+380672626518
+380508499123
+380961811022
+380672569833
+380999048944
+380679268302
+380679352312
+380989797219
+380956450035
+380677545935
+380971593056
+380687918454
+380931189427
+380673230411
+380632727560
+380638205493
+380981729318
+380957432544
+380637329283
+380679374372
+380678976171
+380986956566
+380678976171
+380673408165
+380678976171
+380680327928
+380977976097
+380995242109
+380957625000
+380679760448
+380677301509
+380950414115
+380997040730
+380982690510
+380932398646
+380932398646
+380968367929
+380679767658
+380673404468
+380662915039
+380969961059
+380974160087
+380965913029
+380673738123
+380976903584
+380674384208
+380976607963
+380509934922
+380632082696
+380980118625
+380442280452
+380971426504
+380633418758
+380975889510
+380938738318
+380677111047
+380965939342
+380673702443
+380989262592
+380637488003
+380974779604
+380980014384
+380509934922
+380632082696
+380980118625
+380442280452
+380971426504
+380633418758
+380975889510
+380938738318
+380677111047
+380965939342
+380673702443
+380989262592
+380637488003
+380974779604
+380987935687
+380672753171
+380676707307
+380673719450
+380985419960
+380504305326
+380674438990
+380673504110
+380638819560
+380503251505
+380674988988
+380969898621
+380962002944
+380952573093
+380965270138
+380969898621
+380939235346
+380934494033
+380679090313
+380503555190
+380503554941
+380503389263
+380973566340
+380676766555
+380986833619
+380950766763
+380676713321
+380969898621
+380677550181
+380931468025
+380978446098
+380969898621
+380676713321
+380676713321
+380676713321
+380676713321
+380673151155
+380679436967
+380672322402
+380676713321
+380676713321
+380930022400
+380930022400
+380676713321
+380962182425
+380960908163
+380960908163
+380960908163
+380976754902
+380637471222
+380930199635
+380677645568
+380935754312
+380676761129
+380676753415
+380986609441
+380939968093
+380975840989
+380637471222
+380984041420
+380968207365
+380931544316
+380978838060
+380931544316
+380931544316
+380931544316
+380981792697
+380931544316
+380931544316
+380931544316
+380671344562
+380671344562
+380671344562
+380631201488
+380983610947
+380633058051
+380976615625
+380676752750
+380983945823
+380635500565
+380322553285
+380676752750
+380983945823
+380635500565
+380322553285
+380676752750
+380983945823
+380635500565
+380322553285
+380938776901
+380986348860
+380938776901
+380677564631
+380970116729
+380934391616
+380966251648
+380638734075
+380938776901
+380977299623
+380630193148
+380673101505
+380678117072
+380673951589
+380974418300
+380672513292
+380671311554
+380938776901
+380637228334
+380965129631
+380974176808
+380974176808
+380938776901
+380973537151
+380934628960
+380962871653
+380938567660
+380673718336
+380662640738
+380676737602
+380632419619
+380673447221
+380635208261
+380934391616
+380966251648
+380634897227
+380974176808
+380970620522
+380934391616
+380966251648
+380934391616
+380966251648
+380985897227
+380667519929
+380985897227
+380985897227
+380679864405
+380934391616
+380966251648
+380963179426
+380963179426
+380957224677
+380935300444
+380679482080
+380672706307
+380685527617
+380937795728
+380634210330
+380963179426
+380322971161
+380322971163
+380322971161
+380322971163
+380322971161
+380322971163
+380322971161
+380322971163
+380322971161
+380322971163
+380322971161
+380322971163
+380322971161
+380322971163
+380322971161
+380322971163
+380322971161
+380322971163
+380634210330
+380322971161
+380322971163
+380322971161
+380322971163
+380322971161
+380322971163
+380322971161
+380322971163
+380322971161
+380322971163
+380675094946
+380972463530
+380680746878
+380631476209
+380988357770
+380322971161
+380322971163
+380677869246
+380956829936
+380678017607
+380997055524
+380997571112
+380507828887
+380630720624
+380681563655
+380997571112
+380507828887
+380630720624
+380681563655
+380631097767
+380997571112
+380507828887
+380630720624
+380681563655
+380673151155
+380963444196
+380639928828
+380931196543
+380679209015
+380984544078
+380966814831
+380977206499
+380938776901
+380963444196
+380639928828
+380963444196
+380639928828
+380987506759
+380503717391
+380631477887
+380982548971
+380676746670
+380962182425
+380962182425
+380962182425
+380962182425
+380503717391
+380978349069
+380679371212
+380971596362
+380631477887
+380633609955
+380964579727
+380633609955
+380987506759
+380633609955
+380678836963
+380983212403
+380971434393
+380671446600
+380976803205
+380633058051
+380662056843
+380672903894
+380662056843
+380672903894
+380959222000
+380638377707
+380662056843
+380672903894
+380674934831
+380679676584
+380662267886
+380671446600
+380987506759
+380673146787
+380633705777
+380938544282
+380935070046
+380667781334
+380962088234
+380956272729
+380632028183
+380938105443
+380985320000
+380631143990
+380961716911
+380987978545
+380672569833
+380999048944
+380956450035
+380677545935
+380687918454
+380632727560
+380986956566
+380950414115
+380636560239
+380965713356
+380976607963
+380974160087
+380965913029
+380980014384
+380971426504
+380633418758
+380938738318
+380677111047
+380673702443
+380989262592
+380686295003
+380982690510
+380986812730
+380951115602
+380964577885
+380931017519
+380637505604
+380637034112
+380997571112
+380507828887
+380630720624
+380681563655
+380997571112
+380507828887
+380630720624
+380681563655
+380676793114
+380977299623
+380630193148
+380986812730
+380951115602
+380977299623
+380630193148
+380505227760
+380989049107
+380679166819
+380634212122
+380979860494
+380671344562
+380679048917
+380986833619
+380950766763
+380679048917
+380977299623
+380630193148
+380679048917
+380679048917
+380679048917
+380986717652
+380632011717
+380673707566
+380324751355
+380976519257
+380967225561
+380676700890
+380679048917
+380676709818
+380678342338
+380637313492
+380671789086
+380639919995
+380962182425
+380991936997
+380938105443
+380985320000
+380938105443
+380985320000
+380938105443
+380985320000
+380938105443
+380985320000
+380676700890
+380938105443
+380985320000
+380938105443
+380985320000
+380938105443
+380985320000
+380676728039
+380938105443
+380985320000
+380632305631
+380982943787
+380930612512
+380676725455
+380971266993
+380938105443
+380985320000
+380966748165
+380968974808
+380673772783
+380934732931
+380938105443
+380985320000
+380938105443
+380985320000
+380938105443
+380985320000
+380938105443
+380985320000
+380938105443
+380985320000
+380973247151
+380971266993
+380678117072
+380673951589
+380974418300
+380672513292
+380671311554
+380676976211
+380938105443
+380985320000
+380938105443
+380985320000
+380504179384
+380986955751
+380673772783
+380934732931
+380986955751
+380986955751
+380973247151
+380986955751
+380986955751
+380630714672
+380965702643
+380637025980
+380982943621
+380680525264
+380962785168
+380673707566
+380324751355
+380673707566
+380324751355
+380673772783
+380934732931
+380962871719
+380952573093
+380965270138
+380969525566
+380667545555
+380666643111
+380934793898
+380962032972
+380676700036
+380952201609
+380676728039
+380506229438
+380673707566
+380324751355
+380673824719
+380673823247
+380673707566
+380324751355
+380930389156
+380322952816
+380981166835
+380679060750
+380673101084
+380671344562
+380671344562
+380637227952
+380986717652
+380986717652
+380674233311
+380685121527
+380987765754
+380960959974
+380683549133
+380677839567
+380982923040
+380966504091
+380677738386
+380638702383
+380985217538
+380973894277
+380973894277
+380676934444
+380637034112
+380679464413
+380934391616
+380966251648
+380934391616
+380966251648
+380934391616
+380966251648
+380934391616
+380966251648
+380973894277
+380934391616
+380966251648
+380679048917
+380679048917
+380676742279
+380676742279
+380676742279
+380676742279
+380676742279
+380676742279
+380934391616
+380966251648
+380676742279
+380676742279
+380676742279
+380676742279
+380676742279
+380676742279
+380676742279
+380676742279
+380676742279
+380676742279
+380676742279
+380676742279
+380676742279
+380676742279
+380676742279
+380676742279
+380676742279
+380676742279
+380676742279
+380676742279
+380632140861
+380679430633
+380973559510
+380505472947
+380939239703
+380937532114
+380969356432
+380630747282
+380980439884
+380630747282
+380980439884
+380630747282
+380980439884
+380671785343
+380676742279
+380975251472
+380976903584
+380932288840
+380966504091
+380966504091
+380966504091
+380966504091
+380966504091
+380966504091
+380666764903
+380676763343
+380966504091
+380967278637
+380966504091
+380967278637
+380986717652
+380980199599
+380982650533
+380677217266
+380966504091
+380992259609
+380974594545
+380977773758
+380673706895
+380673706895
+380673706895
+380934391616
+380966251648
+380986717652
+380673706895
+380677387923
+380673707566
+380324751355
+380673707566
+380324751355
+380673707566
+380324751355
+380673707566
+380324751355
+380673707566
+380324751355
+380673707566
+380324751355
+380673707566
+380324751355
+380673707566
+380324751355
+380981536464
+380677550181
+380931468025
+380673707566
+380324751355
+380687116641
+380930122514
+380637228334
+380638231708
+380677550181
+380931468025
+380677550181
+380931468025
+380677550181
+380931468025
+380677550181
+380931468025
+380677550181
+380931468025
+380677550181
+380931468025
+380961420217
+380966111988
+380997571112
+380507828887
+380630720624
+380681563655
+380679048917
+380679048917
+380677396031
+380677396031
+380677396031
+380679048917
+380679048917
+380986862021
+380979862021
+380679048917
+380679048917
+380679048917
+380679048917
+380679048917
+380995425367
+380975201438
+380972908333
+380673406032
+380679048917
+380633264703
+380974234255
+380679048917
+380679048917
+380939235346
+380934494033
+380679090313
+380939235346
+380934494033
+380679090313
+380679048917
+380679048917
+380939235346
+380934494033
+380679090313
+380633264703
+380671788405
+380677466730
+380677466730
+380995084472
+380986295773
+380632828886
+380443613605
+380443613605
+380443613605
+380674051756
+380443613605
+380443613605
+380938567660
+380673718336
+380443613605
+380443613605
+380443613605
+380443613605
+380443613605
+380443613605
+380443613605
+380443613605
+380677316863
+380977617538
+380677252768
+380634107232
+380969898621
+380938436922
+380676623294
+380687127018
+380443613605
+380443613605
+380443613605
+380443613605
+380443613605
+380976977313
+380932359175
+380683105014
+380976176814
+380663026504
+380979814309
+380935009167
+380503888159
+380980217279
+380933176241
+380682171175
+380679847316
+380679847316
+380501775230
+380322249100
+380322470008
+380322470007
+380501775230
+380322249100
+380322470008
+380322470007
+380501775230
+380322249100
+380322470008
+380322470007
+380501775230
+380322249100
+380322470008
+380322470007
+380664943663
+380501775230
+380322249100
+380322470008
+380322470007
+380678017607
+380501775230
+380322249100
+380322470008
+380322470007
+380501775230
+380322249100
+380322470008
+380322470007
+380501775230
+380322249100
+380322470008
+380322470007
+380501775230
+380322249100
+380322470008
+380322470007
+380501775230
+380322249100
+380322470008
+380322470007
+380501775230
+380322249100
+380322470008
+380322470007
+380501775230
+380322249100
+380322470008
+380322470007
+380501775230
+380322249100
+380322470008
+380322470007
+380501775230
+380322249100
+380322470008
+380322470007
+380501775230
+380322249100
+380322470008
+380322470007
+380931855580
+380931855580
+380671344562
+380675288776
+380505410667
+380638702383
+380985217538
+380687236708
+380501775230
+380322249100
+380322470008
+380322470007
+380964579727
+380676071938
+380934391616
+380966251648
+380969905705
+380676740827
+380969905705
+380675965370
+380676071938
+380986321221
+380672554827
+380673151155
+380673151155
+380676713321
+380661174787
+380639633389
+380967531777
+380986016100
+380977299623
+380630193148
+380977299623
+380630193148
+380980993086
+380982626279
+380677550181
+380931468025
+380506748292
+380677550181
+380931468025
+380677550181
+380931468025
+380678117072
+380673951589
+380974418300
+380672513292
+380671311554
+380982439553
+380674534051
+380673001400
+380937117891
+380993473573
+380982413527
+380976804794
+380630237145
+380973784285
+380931470725
+380981314020
+380667533627
+380934908090
+380673144276
+380677793409
+380938766852
+380938766852
+380630154851
+380665364628
+380936103510
+380935053110
+380636841311
+380679513112
+380986396121
+380973818870
+380982535538
+380636802048
+380634473570
+380938766852
+380930261053
+380667588217
+380734969738
+380734969738
+380971217046
+380679077111
+380680233538
+380506365322
+380506365322
+380634473570
+380983862671
+380673416363
+380983143020
+380983143020
+380972373302
+380503952272
+380503952272
+380503952272
+380934010728
+380673953115
+380938659921
+380674220705
+380962182425
+380664292420
+380677495965
+380979353645
+380671344562
+380671344562
+380986717652
+380677307306
+380676731718
+380674220705
+380677307306
+380676731718
+380677307306
+380676731718
+380677307306
+380676731718
+380677307306
+380676731718
+380677307306
+380676731718
+380677307306
+380676731718
+380680232734
+380677307306
+380676731718
+380677307306
+380676731718
+380677307306
+380676731718
+380677307306
+380676731718
+380677307306
+380676731718
+380983880416
+380681848668
+380677307306
+380676731718
+380974176808
+380974176808
+380974176808
+380965601277
+380677307306
+380676731718
+380930078856
+380930078856
+380991626707
+380930078856
+380969111726
+380671874555
+380679464413
+380679464413
+380504366220
+380968879273
+380676714400
+380669007106
+380983231397
+380632419619
+380673447221
+380632419619
+380673447221
+380931415417
+380974850944
+380987518874
+380977345031
+380977345031
+380938567660
+380673718336
+380977345031
+380673707566
+380324751355
+380673707566
+380324751355
+380669455306
+380442054530
+380980247071
+380322537413
+380677307306
+380676731718
+380677307306
+380676731718
+380677307306
+380676731718
+380677307306
+380676731718
+380982523989
+380677307306
+380676731718
+380677307306
+380676731718
+380677307306
+380676731718
+380677307306
+380676731718
+380677307306
+380676731718
+380677307306
+380676731718
+380677307306
+380676731718
+380677307306
+380676731718
+380677307306
+380676731718
+380677307306
+380676731718
+380677307306
+380676731718
+380677307306
+380676731718
+380677307306
+380676731718
+380677307306
+380676731718
+380677307306
+380676731718
+380677307306
+380676731718
+380677307306
+380676731718
+380677307306
+380676731718
+380677307306
+380676731718
+380677307306
+380676731718
+380686465706
+380677252768
+380930109181
+380679496149
+380678117072
+380673951589
+380974418300
+380672513292
+380671311554
+380501881450
+380678444670
+380630713777
+380324551155
+380501881450
+380678444670
+380630713777
+380324551155
+380501881450
+380678444670
+380630713777
+380324551155
+380963581336
+380639285680
+380677307306
+380676731718
+380963581336
+380639285680
+380963581336
+380639285680
+380963581336
+380639285680
+380963581336
+380639285680
+380963581336
+380639285680
+380677820582
+380962695862
+380678117072
+380673951589
+380974418300
+380672513292
+380671311554
+380678117072
+380673951589
+380974418300
+380672513292
+380671311554
+380677820582
+380678117072
+380673951589
+380974418300
+380672513292
+380671311554
+380672638518
+380953029648
+380672638518
+380979473639
+380672638518
+380677307306
+380676731718
+380972610120
+380976903584
+380678117072
+380673951589
+380974418300
+380672513292
+380671311554
+380677307306
+380676731718
+380677778417
+380973832072
+380680421642
+380687633889
+380934870528
+380985492283
+380501024745
+380678374655
+380971174515
+380679432143
+380502283363
+380972610120
+380678122862
+380671605467
+380671605467
+380671605467
+380631587029
+380634104530
+380972892366
+380673984866
+380972892366
+380979216850
+380964768517
+380931187174
+380965181728
+380679070923
+380986477285
+380677307306
+380676731718
+380677307306
+380676731718
+380984544102
+380969799275
+380679070923
+380985898656
+380974358375
+380503161808
+380673419011
+380977006672
+380676791535
+380935313336
+380664648488
+380676714513
+380676714513
+380967849742
+380676714513
+380677079542
+380987608024
+380688233772
+380963581336
+380639285680
+380672734071
+380676742279
+380676742279
+380676742279
+380987608024
+380676742279
+380676742279
+380676742279
+380676742279
+380635881659
+380939973070
+380662690700
+380964624917
+380977345031
+380676742279
+380667623252
+380988935537
+380686994330
+380981247903
+380963581336
+380639285680
+380963581336
+380639285680
+380963581336
+380639285680
+380938850079
+380979860494
+380977345031
+380979860494
+380979860494
+380979860494
+380976903584
+380937370301
+380686518405
+380666764903
+380972631431
+380974561234
+380979860494
+380983819372
+380966504091
+380966504091
+380987286858
+380977299623
+380630193148
+380977299623
+380630193148
+380967620666
+380672556157
+380683110230
+380934414646
+380322537105
+380977299623
+380630193148
+380673203272
+380673203272
+380973030438
+380673707566
+380324751355
+380673707566
+380324751355
+380673707566
+380324751355
+380673707566
+380324751355
+380673707566
+380324751355
+380673707566
+380324751355
+380683110230
+380934414646
+380322537105
+380673707566
+380324751355
+380677009863
+380666481548
+380988883432
+380934993688
+380632507097
+380962182425
+380977345031
+380974319444
+380973294475
+380673707566
+380324751355
+380977345031
+380979814309
+380935009167
+380978118080
+380322410808
+380978118080
+380322410808
+380631929650
+380981567362
+380679250176
+380674992747
+380963581336
+380639285680
+380963581336
+380639285680
+380668263201
+380979688222
+380932581822
+380986717652
+380634095030
+380634104530
+380634104530
+380678029900
+380638345220
+380977524905
+380961184861
+380977524905
+380961184861
+380963581336
+380639285680
+380977524905
+380961184861
+380962182425
+380977299623
+380630193148
+380678117072
+380673951589
+380974418300
+380672513292
+380671311554
+380678117072
+380673951589
+380974418300
+380672513292
+380671311554
+380678117072
+380673951589
+380974418300
+380672513292
+380671311554
+380977468352
+380970893196
+380977468356
+380977524905
+380961184861
+380977299623
+380630193148
+380634433838
+380986288505
+380631931799
+380674831653
+380680462717
+380674831653
+380676720546
+380676720546
+380677231724
+380962182425
+380968138029
+380968138029
+380677254332
+380973127278
+380679464413
+380679464413
+380679464413
+380678596185
+380676720546
+380503708569
+380678596185
+380678596185
+380678596185
+380678596185
+380678596185
+380638702383
+380985217538
+380638702383
+380985217538
+380638702383
+380985217538
+380934391616
+380966251648
+380638702383
+380985217538
+380638702383
+380985217538
+380638702383
+380985217538
+380508088219
+380678596185
+380678596185
+380678596185
+380963199045
+380969522222
+380638702383
+380985217538
+380979051802
+380963630154
+380977345031
+380977345031
+380977345031
+380677247316
+380993260001
+380972710851
+380936937099
+380963199045
+380677748176
+380993109170
+380993109170
+380963581336
+380639285680
+380963581336
+380639285680
+380963581336
+380639285680
+380631762249
+380676700194
+380676700194
+380664128777
+380673151155
+380673151155
+380673151155
+380673151155
+380673151155
+380978326412
+380634357215
+380987771465
+380971559362
+380997653841
+380673151155
+380963199045
+380631538754
+380935112067
+380934832869
+380975787826
+380630247133
+380975787826
+380630247133
+380975787826
+380630247133
+380993164128
+380632255099
+380963199045
+380975787826
+380630247133
+380975787826
+380630247133
+380975787826
+380630247133
+380975787826
+380630247133
+380975787826
+380630247133
+380975787826
+380630247133
+380975787826
+380630247133
+380975787826
+380630247133
+380975787826
+380630247133
+380975787826
+380630247133
+380975787826
+380630247133
+380975787826
+380630247133
+380975787826
+380630247133
+380975787826
+380630247133
+380975787826
+380630247133
+380976031666
+380974176808
+380974176808
+380974176808
+380975787826
+380630247133
+380974176808
+380671623514
+380977110943
+380963581336
+380639285680
+380963581336
+380639285680
+380963581336
+380639285680
+380963581336
+380639285680
+380963581336
+380639285680
+380980735955
+380974176808
+380506806647
+380687536188
+380977345031
+380962236969
+380673087708
+380635394256
+380974468665
+380985573927
+380967277563
+380989716653
+380980735955
+380978463305
+380981959932
+380324933167
+380973111616
+380981959932
+380981959932
+380671962451
+380639454683
+380675435494
+380978463305
+380503252182
+380634973032
+380675836912
+380963199045
+380963199045
+380631755517
+380972250315
+380934407601
+380677183177
+380963581336
+380639285680
+380677145388
+380977299623
+380630193148
+380977299623
+380630193148
+380977299623
+380630193148
+380672955882
+380679458648
+380984677891
+380984677891
+380984677891
+380984677891
+380963581336
+380639285680
+380984677891
+380995505912
+380673684997
+380672722543
+380981536464
+380981536464
+380676454986
+380986717652
+79781136866
+380991738000
+380978602926
+380984677891
+380984131969
+380982444244
+380982444244
+380982444244
+380982444244
+380982444244
+380982444244
+380971193306
+380685291739
+380984131969
+380505176046
+380978737876
+380966862526
+380931154488
+380971351957
+380977299623
+380630193148
+380932385290
+380979347342
+380676755328
+380931154488
+380673406602
+380931154488
+380677135960
+380677135960
+380677135960
+380677672995
+380975351126
+380976427570
+380677672995
+380963199045
+380963199045
+380977299623
+380630193148
+380963199045
+380963199045
+380676801451
+380973564769
+380676713321
+380936333599
+380963199045
+380963199045
+380963199045
+380963199045
+380975237475
+380963199045
+380975787826
+380630247133
+380679584709
+380982721871
+380665378040
+380977345031
+380679584709
+380982721871
+380665378040
+380679584709
+380982721871
+380665378040
+380679584709
+380982721871
+380665378040
+380977345031
+380963199045
+380677311941
+380676874528
+380979860494
+380979860494
+380931544316
+380931544316
+380931544316
+380966862526
+380963581336
+380639285680
+380963473322
+380963581336
+380639285680
+380963581336
+380639285680
+380677405928
+380976908542
+380974595079
+380636814334
+380676780012
+380966504091
+380966504091
+380966504091
+380963581336
+380639285680
+380673706895
+380966504091
+380673706895
+380966504091
+380966504091
+380997823404
+380673706895
+380673706895
+380673706895
+380966504091
+380939307845
+380673287473
+380673287473
+380977299623
+380630193148
+380673705465
+380993339419
+380678117072
+380673951589
+380974418300
+380672513292
+380671311554
+380975691030
+380962182425
+380985675277
+380673706895
+380977345031
+380977345031
+380977345031
+380977345031
+380977345031
+380977345031
+380962182425
+380979518267
+380977299623
+380630193148
+380673737929
+380977299623
+380630193148
+380678117072
+380673951589
+380974418300
+380672513292
+380671311554
+380678117072
+380673951589
+380974418300
+380672513292
+380671311554
+380963199045
+380963199045
+380963199045
+380963199045
+380963199045
+380963199045
+380977299623
+380630193148
+380962795153
+380997267050
+380963199045
+380963199045
+380963199045
+380963199045
+380963199045
+380963199045
+380963199045
+380963199045
+380963199045
+380633596927
+380975110489
+380935793045
+380672684212
+380983954585
+380978915219
+380936595395
+380965702643
+380637025980
+380965702643
+380637025980
+380956908361
+380989709840
+380679919000
+380673151155
+380963199045
+380971856849
+380963581336
+380639285680
+380972125386
+380672191102
+380962708282
+380502885625
+380966627365
+380503533541
+380978685988
+380978685988
+380977828727
+380632728626
+380634357215
+380987771465
+380634357215
+380987771465
+380634357215
+380987771465
+380978685988
+380978685988
+380978685988
+380978685988
+380978685988
+380978685988
+380634357215
+380987771465
+380978685988
+380978685988
+380978685988
+380978685988
+380978685988
+380676767978
+380963720982
+380933392086
+380672150213
+380978685988
+380671344562
+380975487233
+380671344562
+380993326189
+380632851418
+380956009391
+380973065080
+380965117620
+380937093638
+380974794758
+380974794796
+380671344562
+380504306011
+380931097464
+380931097525
+380965859056
+380632569882
+380935300529
+380935360618
+380633812527
+380938048463
+380975014438
+380634322968
+380982472333
+380938869933
+380937128960
+380631694597
+380964927908
+380975432781
+380938007823
+380673964499
+380673947042
+380975014438
+380937532114
+380969356432
+380937532114
+380969356432
+380979814309
+380935009167
+380963581336
+380639285680
+380979814309
+380935009167
+380963452071
+380679584709
+380982721871
+380665378040
+380679584709
+380982721871
+380665378040
+380679584709
+380982721871
+380665378040
+380937532114
+380969356432
+380679584709
+380982721871
+380665378040
+380679584709
+380982721871
+380665378040
+380679584709
+380982721871
+380665378040
+380679584709
+380982721871
+380665378040
+380679584709
+380982721871
+380665378040
+380679584709
+380982721871
+380665378040
+380679584709
+380982721871
+380665378040
+380679584709
+380982721871
+380665378040
+380673932126
+380679584709
+380982721871
+380665378040
+380679584709
+380982721871
+380665378040
+380679584709
+380982721871
+380665378040
+380679584709
+380982721871
+380665378040
+380679584709
+380982721871
+380665378040
+380679584709
+380982721871
+380665378040
+380679584709
+380982721871
+380665378040
+380679584709
+380982721871
+380665378040
+380679584709
+380982721871
+380665378040
+380679584709
+380982721871
+380665378040
+380679584709
+380982721871
+380665378040
+380679584709
+380982721871
+380665378040
+380937532114
+380969356432
+380679584709
+380982721871
+380665378040
+380679584709
+380982721871
+380665378040
+380961069285
+380965058082
+380673146972
+380974718519
+380672359305
+380679584709
+380982721871
+380665378040
+380959222000
+380959222000
+380959222000
+380967945392
+380978463305
+380978463305
+380682245835
+380966741415
+380934714758
+380669731909
+380953097395
+380687286304
+380687286304
+380505938441
+380673503700
+380959222000
+380963581336
+380639285680
+380963581336
+380639285680
+380957905656
+380963581336
+380639285680
+380634357215
+380987771465
+380673503700
+380689481249
+380997796660
+380963581336
+380639285680
+380963581336
+380639285680
+380963581336
+380639285680
+380963581336
+380639285680
+380634357215
+380987771465
+380993332857
+380969697798
+380986408212
+380676764482
+380679746062
+380322255838
+380322442570
+380676764482
+380679746062
+380322255838
+380322442570
+380676764482
+380679746062
+380322255838
+380322442570
+380986166075
+380963581336
+380639285680
+380972482453
+380935490532
+380676752780
+380972482453
+380676943333
+380506714242
+380987128461
+380630749195
+380630749195
+380935316274
+380678117072
+380673951589
+380974418300
+380672513292
+380671311554
+380633238968
+380676742279
+380930210317
+380673992838
+380730264735
+380672662388
+380677854533
+380675819298
+380931323299
+380673105204
+380676742279
+380636470704
+380974722711
+380676767800
+380639813688
+380677307306
+380676731718
+380677307306
+380676731718
+380677307306
+380676731718
+380677097222
+380970808085
+380636470704
+380639934339
+380981192210
+380679436967
+380679436967
+380976115426
+380977524905
+380961184861
+380984677891
+380503737023
+380673445567
+380503737023
+380673445567
+380503737023
+380673445567
+380676714400
+380986357319
+380673536797
+380986357319
+380673536797
+380986357319
+380673536797
+380972689864
+380969799168
+380966556659
+380675894780
+380969810874
+380977206135
+380986357319
+380673536797
+380972184413
+380972184413
+380678775816
+380960394981
+380934355866
+380632419619
+380673447221
+380677550181
+380931468025
+380961487710
+380680550185
+380972184413
+380673838700
+380676742279
+380676742279
+380676742279
+380676742279
+380676742279
+380676742279
+380986403557
+380676742279
+380986403557
+380676742279
+380676742279
+380676742279
+380676742279
+380678117072
+380673951589
+380974418300
+380672513292
+380671311554
+380971304589
+380678117072
+380673951589
+380974418300
+380672513292
+380671311554
+380678117072
+380673951589
+380974418300
+380672513292
+380671311554
+380676751412
+380676742279
+380661153703
+380667027176
+380979814309
+380935009167
+380979814309
+380935009167
+380979814309
+380935009167
+380979814309
+380935009167
+380979814309
+380935009167
+380979814309
+380935009167
+380979814309
+380935009167
+380936236026
+380979814309
+380935009167
+380979814309
+380935009167
+380979814309
+380935009167
+380963581336
+380639285680
+380968840830
+380678017607
+380965060862
+380672547951
+380681919574
+380979814309
+380935009167
+380671344562
+380671290909
+380952573093
+380965270138
+380934391616
+380966251648
+380673133008
+380957047476
+380665695620
+380934391616
+380966251648
+380964579727
+380934391616
+380966251648
+380681919574
+380934391616
+380966251648
+380934391616
+380966251648
+380934391616
+380966251648
+380631232874
+380662996830
+380638329771
+380975787826
+380630247133
+380501413738
+380674068389
+380934523940
+380934391616
+380966251648
+380980584078
+380734184677
+380982386101
+380937262662
+380963581336
+380639285680
+380963581336
+380639285680
+380963581336
+380639285680
+380963581336
+380639285680
+380963581336
+380639285680
+380963581336
+380639285680
+380963581336
+380639285680
+380687055547
+380963581336
+380639285680
+380963581336
+380639285680
+380963581336
+380639285680
+380963581336
+380639285680
+380963581336
+380639285680
+380963581336
+380639285680
+380963581336
+380639285680
+380934394311
+380506617710
+380633264703
+380963581336
+380639285680
+380677307306
+380676731718
+380677307306
+380676731718
+380677307306
+380676731718
+380934391616
+380966251648
+380934391616
+380966251648
+380934391616
+380966251648
+380934391616
+380966251648
+380934391616
+380966251648
+380934391616
+380966251648
+380677307306
+380676731718
+380934391616
+380966251648
+380677307306
+380676731718
+380677845059
+380963199045
+380963199045
+380963199045
+380972897497
+380977345031
+380977345031
+380934391616
+380966251648
+380676730431
+380677587152
+380501852570
+380986717652
+380963581336
+380639285680
+380633264703
+380980543762
+380977713313
+380974821129
+380979797096
+380976701908
+380977345031
+380963581336
+380639285680
+380963581336
+380639285680
+380963581336
+380639285680
+380979797096
+380976701908
+380683323282
+380955962472
+380634006923
+380673151155
+380673151155
+380969799186
+380964892542
+380509007427
+380666088850
+380666088850
+380966862526
+380666088850
+380970033610
+380676743653
+380676743653
+380633990452
+380970033610
+380676743653
+380676743653
+380633990452
+380970732319
+380955962472
+380955962472
+380962182425
+380962182425
+380962182425
+380970033610
+380938501768
+380672845848
+380675836912
+380673101505
+380673101505
+380974779705
+380678117072
+380673951589
+380974418300
+380672513292
+380671311554
+380678117072
+380673951589
+380974418300
+380672513292
+380671311554
+380977299623
+380630193148
+380962182425
+380977299623
+380630193148
+380977299623
+380630193148
+380977299623
+380630193148
+380661130105
+380973336972
+380630376773
+380979987300
+380679846944
+380977345031
+380977345031
+380977345031
+380962415675
+380503715752
+380936683036
+380934387039
+380977345031
+380970193097
+380974176808
+380677307306
+380676731718
+380677307306
+380676731718
+380977345031
+380982417573
+380983589336
+380987493134
+380984589264
+380680138453
+380975148729
+380931419366
+380963517312
+380973127278
+380968913303
+380934391616
+380966251648
+380934391616
+380966251648
+380930537326
+380506413604
+380963581336
+380639285680
+380963581336
+380639285680
+380634436470
+380968143455
+380969686086
+380634436470
+380968143455
+380989912462
+380963581336
+380639285680
+380963581336
+380639285680
+380931544316
+380677307306
+380676731718
+380677307306
+380676731718
+380934391616
+380966251648
+380677550181
+380931468025
+380934391616
+380966251648
+380934391616
+380966251648
+380967610303
+380679464413
+380986289969
+380986717652
+380992321071
+380503173802
+380678559009
+380930719160
+380638797959
+380963581336
+380639285680
+380934391616
+380966251648
+380973987099
+380507147204
+380679529150
+380938069218
+380991254280
+380985675277
+380679584709
+380982721871
+380665378040
+380971031700
+380963581336
+380639285680
+380966504091
+380963581336
+380639285680
+380966504091
+380966504091
+380966504091
+380679464413
+380963581336
+380639285680
+380936993154
+380962182425
+380962182425
+380962182425
+380966504091
+380993735075
+380962182425
+380934391616
+380966251648
+380962182425
+380962182425
+380934391616
+380966251648
+380934391616
+380966251648
+380962182425
+380981154955
+380679371212
+380962182425
+380934391616
+380966251648
+380934391616
+380966251648
+380679371212
+380937121039
+380632411651
+380677497510
+380987194240
+380956029480
+380667551294
+380667562155
+380934391616
+380966251648
+380937532114
+380969356432
+380679200257
+380936882334
+380676639052
+380984775228
+380937532114
+380969356432
+380938662876
+380987607916
+380974114916
+380664710204
+380636303575
+380678480778
+380677769868
+380637673081
+380680738185
+380988581142
+380688440562
+380997571112
+380507828887
+380630720624
+380681563655
+380679584709
+380982721871
+380665378040
+380677396031
+380666344468
+380677396031
+380679584709
+380982721871
+380665378040
+380674232881
+380666445754
+380938673555
+380677065628
+380679584709
+380982721871
+380665378040
+380934391616
+380966251648
+380974176808
+380679584709
+380982721871
+380665378040
+380963967817
+380679584709
+380982721871
+380665378040
+380983275226
+380679584709
+380982721871
+380665378040
+380636356754
+380503704316
+380679584709
+380982721871
+380665378040
+380679584709
+380982721871
+380665378040
+380679584709
+380982721871
+380665378040
+380679584709
+380982721871
+380665378040
+380679584709
+380982721871
+380665378040
+380679584709
+380982721871
+380665378040
+380632419619
+380673447221
+380985275481
+380322403960
+380322403959
+380635880222
+380322403960
+380322403959
+380678881016
+380678881016
+380678881016
+380977869410
+380322403960
+380322403959
+380967220833
+380667536778
+380993247084
+380502076788
+380983279445
+380977345031
+380956412805
+380958415423
+380979150765
+380981270500
+380930145383
+380930145383
+380991254280
+380984677891
+380984677891
+380982497799
+380630272771
+380633813144
+380322403960
+380322403959
+380970931164
+380982297151
+380974176808
+380636967041
+380975871681
+380988284326
+380671556785
+380676006727
+380986717652
+380986717652
+380630683810
+380972878696
+380679052451
+380673710150
+380634005392
+380638200811
+380666572119
+380678117072
+380673951589
+380974418300
+380672513292
+380671311554
+380678117072
+380673951589
+380974418300
+380672513292
+380671311554
+380678117072
+380673951589
+380974418300
+380672513292
+380671311554
+380971184567
+380630683810
+380977345031
+380676745644
+380969195706
+380968010081
+380977345031
+380934947524
+380939178556
+380939178558
+380685017008
+380673703977
+380972979291
+380679621709
+380964579727
+380964579727
+380964579727
+380964579727
+380935202483
+380977154142
+380977154142
+380977154142
+380677047625
+380960050010
+380636834959
+380677845059
+380974176808
+380974176808
+380974176808
+380681634369
+380974404294
+380671726219
+380963961662
+380638165032
+380937523052
+380964044490
+380938294188
+380676742279
+380676742279
+380978379825
+380637444324
+380938166126
+380972610120
+380639306761
+380931534287
+380982668992
+380674532430
+380965799957
+380634389812
+380972284398
+380962101450
+380962871733
+380937147443
+380965433630
+380938433372
+380677307306
+380676731718
+380981715424
+380681607923
+380986002719
+380931031553
+380962872048
+380683099235
+380681604914
+380978349073
+380683797871
+380630503672
+380683846531
+380987705607
+380989356535
+380682458072
+380980561147
+380982923040
+380979370103
+380687948212
+380982942793
+380443613605
+380980154896
+380443613605
+380443613605
+380443613605
+380443613605
+380443613605
+380443613605
+380443613605
+380443613605
+380443613605
+380443613605
+380443613605
+380443613605
+380443613605
+380443613605
+380443613605
+380443613605
+380443613605
+380443613605
+380443613605
+380679176953
+380675957395
+380443613605
+380683798159
+380971530527
+380936415283
+380971426513
+380673136337
+380965706831
+380965706566
+380671261773
+380443613605
+380965706560
+380982942782
+380962466932
+380965669791
+380979354212
+380974576807
+380501705490
+380950391532
+380971709977
+380678117072
+380673951589
+380974418300
+380672513292
+380671311554
+380934500550
+380634357215
+380987771465
+380632768593
+380975660399
+380936903088
+380634434402
+380971426485
+380671250882
+380683023879
+380683052267
+380956808305
+380635263040
+380984692905
+380984864627
+380960901359
+380676742279
+380954141414
+380683045875
+380969026610
+380980014326
+380683052267
+380970829119
+380679375417
+380972640495
+380676661999
+380983730733
+380679356968
+380687948196
+380982982430
+380984692801
+380683099245
+380977524961
+380985005488
+380677844374
+380982943720
+380984693243
+380984693194
+380630196280
+380937620593
+380678876481
+380962425953
+380982723352
+380965706558
+380971510527
+380683099295
+380673018204
+380687948393
+380971426560
+380683367325
+380660871018
+380972127189
+380964787223
+380981790028
+380997073145
+380672584128
+380677180911
+380677550181
+380931468025
+380983597622
+380971419285
+380980154889
+380671794016
+380663139748
+380974400239
+380676614551
+380676767867
+380987965213
+380938510691
+380963581336
+380639285680
+380685126908
+380680729406
+380680729418
+380980154826
+380984692649
+380982942859
+380984692935
+380936020075
+380508338802
+380673147459
+380683071300
+380982943153
+380982943716
+380987848314
+380982943296
+380984693213
+380683072987
+380685271172
+380687412126
+380982942841
+380676651716
+380685075987
+380671874555
+380982943157
+380988553926
+380963581336
+380639285680
+380969566314
+380972310098
+380983737698
+380980154837
+380980154829
+380683099230
+380979511241
+380935935373
+380678597299
+380683110230
+380934414646
+380322537105
+380987847012
+380971427603
+380676027250
+380504312177
+380937640098
+380970113011
+380630683385
+380638228608
+380504302588
+380638228608
+380503010083
+380677942433
+380986966187
+380676734339
+380979055318
+380677645568
+380935754312
+380676761129
+380676753415
+380677645568
+380935754312
+380676761129
+380676753415
+380677645568
+380935754312
+380676761129
+380676753415
+380966871959
+380677645568
+380935754312
+380676761129
+380676753415
+380677645568
+380935754312
+380676761129
+380676753415
+380677645568
+380935754312
+380676761129
+380676753415
+380673421812
+380963199045
+380979248394
+380986521535
+380971427625
+380978562949
+380677645568
+380935754312
+380676761129
+380676753415
+380677396031
+380679436967
+380975787826
+380630247133
+380975787826
+380630247133
+380981790028
+380981790028
+380981790028
+380981790028
+380981790028
+380930006070
+380981790028
+380975787826
+380630247133
+380975787826
+380630247133
+380975787826
+380630247133
+380975787826
+380630247133
+380975787826
+380630247133
+380974176808
+380631733699
+380977299623
+380630193148
+380981790028
+380500509422
+380671763194
+380630766518
+380678833108
+380673685939
+380973080110
+380934391616
+380966251648
+380976626294
+380985171053
+380957195510
+380633124246
+380967252143
+380677396031
+380939469159
+380677396031
+380932043760
+380685104536
+380969032520
+380671670601
+380509374020
+380963581336
+380639285680
+380677406582
+380679323594
+380679068224
+380677396031
+380985171053
+380957195510
+380985171053
+380957195510
+380985171053
+380957195510
+380678514433
+380678514433
+380678514433
+380678514433
+380678514433
+380673706895
+380985171053
+380957195510
+380673706895
+380673706895
+380973406825
+380970334521
+380687412109
+380971867548
+380962752392
+380633705627
+380673732228
+380932917353
+380678514433
+380987049748
+380989532013
+380973836921
+380631762013
+380672148771
+380972702880
+380934475552
+380936608789
+380974753183
+380973967896
+380636960271
+380938738318
+380677111047
+380633724608
+380934898313
+380677421570
+380679489434
+380507372052
+380975848594
+380677094226
+380967442903
+380972664870
+380939160764
+380678566129
+380680222633
+380936159107
+380674245230
+380961356975
+380967488616
+380974395796
+380962869420
+380967442903
+380500543000
+380937560353
+380979093686
+380971323007
+380971417400
+380955775713
+380937334275
+380673706895
+380673706895
+380673706895
+380980020025
+380676910100
+380982544098
+380677230292
+380966079900
+380978476705
+380677741025
+380676728554
+380971109848
+380971494771
+380672544969
+380969393313
+380979908045
+380685075987
+380508666599
+380632130307
+380672540185
+380680358331
+380677645568
+380935754312
+380676761129
+380676753415
+380677645568
+380935754312
+380676761129
+380676753415
+380503109460
+380683367325
+380970291381
+380679652285
+380970099363
+380673905088
+380679049247
+380672622471

