+380996336979
+380678373291
+380996342952
+380632623576
+380958847055
+380674850036
+380979815182
+380970944072
+380959324949
+380508425469
+380509974884
+380955342423
+380680877784
+380996336979
+380509417089
+380668172731
+380633690087
+380662263189
+380689200901
+380637039933
+380972430555
+380959366286
+380974752105
+380664925191
+380979504696
+380636770873
+380997564145
+380966182331
+380976040808
+380933400808
+380577012792
+380668128678
+380577597294
+380637610793
+380997730865
+380955515636
+380955515636
+380638232154
+380977897757
+380988325069
+380953173822
+380957487808
+380953288598
+380577507570
+380635999431
+380996665808
+380636055090
+380937035407
+380634505578
+380977506981
+380977506981
+380978035643
+380635711044
+380953479310
+380635711044
+380953479310
+380503021072
+380981277555
+380932757583
+380577583492
+380503021072
+380981277555
+380932757583
+380577583492
+380937035407
+380503021072
+380981277555
+380932757583
+380577583492
+380503021072
+380981277555
+380932757583
+380577583492
+380937035407
+380978035643
+380503279097
+380957487808
+380953288598
+380577507570
+380503021072
+380981277555
+380932757583
+380577583492
+380503021072
+380981277555
+380932757583
+380577583492
+380503021072
+380981277555
+380932757583
+380577583492
+380503021072
+380981277555
+380932757583
+380577583492
+380503267461
+380977897757
+380977897757
+380977897757
+380977897757
+380977897757
+380977897757
+380734067316
+380508088148
+380503021072
+380981277555
+380932757583
+380577583492
+380508088148
+380508088148
+380671899444
+380934752901
+380930800594
+380958120493
+380930800594
+380958120493
+380934752901
+380930800594
+380958120493
+380734067316
+380508088148
+380632171396
+380501684532
+380679220240
+380632171396
+380501684532
+380679220240
+380930616749
+380664740502
+380632171396
+380501684532
+380679220240
+380999764004
+380931430334
+380935464816
+380950631653
+380996290348
+380502376106
+380960293591
+380503630128
+380960283459
+380930616749
+380664740502
+380996290348
+380931027050
+380931027050
+380675751919
+380999764004
+380931430334
+380979504696
+380683980773
+380667793395
+380507779365
+380675702889
+380679999454
+380992784180
+380577506565
+380674651456
+380633093861
+380991259399
+380637610793
+380997730865
+380633093861
+380967917512
+380675740453
+380988896342
+380976673042
+380996147420
+380637520202
+380679325467
+380509165385
+380505761283
+380981903186
+380963406005
+380633247448
+380633247448
+380677245054
+380633247448
+380507419111
+380507419111
+380634395028
+380633561046
+380662156768
+380633561046
+380662156768
+380972592539
+380509522160
+380632310270
+380508088148
+380508088148
+380671899444
+380671899444
+380632310270
+380631267032
+380997870552
+380976082051
+380963777966
+380577553653
+380963777966
+380577553653
+380954073833
+380508088148
+380976286073
+380932757765
+380957327052
+380577516195
+380671055421
+380951569526
+380671055421
+380634192298
+380680804982
+380967998994
+380952155723
+380937387653
+380668806179
+380954699435
+380951347228
+380951347228
+380957487808
+380953288598
+380577507570
+380957487808
+380953288598
+380577507570
+380957487808
+380953288598
+380577507570
+380506353429
+380669867996
+380673758681
+380660305442
+380662936863
+380506192532
+380662064534
+380951569526
+380664160512
+380662064534
+380662064534
+380983296825
+380969800746
+380507359993
+380631111727
+380999329632
+380661725412
+380661725412
+380963406005
+380686265875
+380504012282
+380686265875
+380930800594
+380958120493
+380930800594
+380958120493
+380930800594
+380958120493
+380661725412
+380671899444
+380671899444
+380671899444
+380671899444
+380671899444
+380662477384
+380671899444
+380508088148
+380508088148
+380671899444
+380661725412
+380661725412
+380671899444
+380671899444
+380671899444
+380956392883
+380930800594
+380958120493
+380638232154
+380972452570
+380990686503
+380508088148
+380951569526
+380684888472
+380932757765
+380957327052
+380577516195
+380960037579
+380668674522
+380668674522
+380668674522
+380668674522
+380668674522
+380668674522
+380668674522
+380668674522
+380668674522
+380668674522
+380668674522
+380668674522
+380668674522
+380668674522
+380668674522
+380668674522
+380668674522
+380668674522
+380668674522
+380668674522
+380668674522
+380668674522
+380668674522
+380668674522
+380668674522
+380668674522
+380668674522
+380668674522
+380668674522
+380668674522
+380668674522
+380668674522
+380668674522
+380668674522
+380668674522
+380668674522
+380668674522
+380668674522
+380668674522
+380668674522
+380668674522
+380668674522
+380668674522
+380668674522
+380668674522
+380668674522
+380668674522
+380668674522
+380668674522
+380668674522
+380668674522
+380668674522
+380668674522
+380668674522
+380668674522
+380668674522
+380668674522
+380668674522
+380668674522
+380668674522
+380668674522
+380668674522
+380668674522
+380668674522
+380668674522
+380668674522
+380668674522
+380668674522
+380668674522
+380668674522
+380663053727
+380937229337
+380968677833
+380939852390
+380664487353
+380661288839
+380679316111
+380675725828
+380675714774
+380971403010
+380994105540
+380667353755
+380982265889
+380667594523
+380979321491
+380502952889
+380662527912
+380939890447
+380976307266
+380663637005
+380979148802
+380974054142
+380990865868
+380734818446
+380683988338
+380503007089
+380504007134
+380978586599
+380632043990
+380971652479
+380993517053
+380675741672
+380506474732
+380662710233
+380636127234
+380976858730
+380675741672
+380677839807
+380931220943
+380501858820
+380662082084
+380957487808
+380953288598
+380577507570
+380957487808
+380953288598
+380577507570
+380957487808
+380953288598
+380577507570
+380957487808
+380953288598
+380577507570
+380957487808
+380953288598
+380577507570
+380954222275
+380507779365
+380995218799
+380630479813
+380662263189
+380689200901
+380997892877
+380934641420
+380676450954
+380997892877
+380506044077
+380966006727
+380504023748
+380503563519
+380444961149
+380503563519
+380444961149
+380990734225
+380672608370
+380667714775
+380676834803
+380990578702
+380508088148
+380508088148
+380508088148
+380992643297
+380676834803
+380990578702
+380661725412
+380661725412
+380661725412
+380677931024
+380664960199
+380637306151
+380577529738
+380662710233
+380636127234
+380976858730
+380979422610
+380979422610
+380938354446
+380508088148
+380957195466
+380634395028
+380994922847
+380995636251
+380995636251
+380634530446
+380633093861
+380678842407
+380961668779
+380631121215
+380635926352
+380671056533
+380637630873
+380505451849
+380682487208
+380506335246
+380965757727
+380973865545
+380999191106
+380634117857
+380679034874
+380986101449
+380667073290
+380976390869
+380961668779
+380667245283
+380931201540
+380675049223
+380990479187
+380633456678
+380984276096
+380637213999
+380508584542
+380934988211
+380967908693
+380667245283
+380501858820
+380501858820
+380996380552
+380996380552
+380939870620
+380937321290
+380937321290
+380677587885
+380937321290
+380509974884
+380666768008
+380631483418
+380966040714
+380639551010
+380992293792
+380938739803
+380997560553
+380957828478
+380975073707
+380957487808
+380953288598
+380577507570
+380957487808
+380953288598
+380577507570
+380957487808
+380953288598
+380577507570
+380957487808
+380953288598
+380577507570
+380505823020
+380957487808
+380953288598
+380577507570
+380987461601
+380976082051
+380986188575
+380666162500
+380931951207
+380662228312
+380503033965
+380970283539
+380987461601
+380976082051
+380986188575
+380666162500
+380931951207
+380662228312
+380503033965
+380970283539
+380991272657
+380987461601
+380987461601
+380973754521
+380987461601
+380990578721
+380973469923
+380990578721
+380973469923
+380990578721
+380973469923
+380990578721
+380973469923
+380990578721
+380973469923
+380990578721
+380973469923
+380990578721
+380973469923
+380990578721
+380973469923
+380990578721
+380973469923
+380990578721
+380973469923
+380990578721
+380973469923
+380500243113
+380990578721
+380973469923
+380990578721
+380973469923
+380990578721
+380973469923
+380987460829
+380503236280
+380987460829
+380503236280
+380675245983
+380675245983
+380987460829
+380503236280
+380503434587
+380991670032
+380671001503
+380683983001
+380683983001
+380683983001
+380507677228
+380939484880
+380508525239
+380632401349
+380955793853
+380987460829
+380503236280
+380666693323
+380960613945
+380509958262
+380974054142
+380990865868
+380734818446
+380677931024
+380664960199
+380637306151
+380577529738
+380677931024
+380664960199
+380637306151
+380577529738
+380675750617
+380577862820
+380974054142
+380990865868
+380734818446
+380934859567
+380987460829
+380503236280
+380666693323
+380960613945
+380509958262
+380974054142
+380990865868
+380734818446
+380677931024
+380664960199
+380637306151
+380577529738
+380677931024
+380664960199
+380637306151
+380577529738
+380675750617
+380577862820
+380974054142
+380990865868
+380734818446
+380934859567
+380967202773
+380987460829
+380503236280
+380666693323
+380960613945
+380509958262
+380974054142
+380990865868
+380734818446
+380677931024
+380664960199
+380637306151
+380577529738
+380677931024
+380664960199
+380637306151
+380577529738
+380675750617
+380577862820
+380974054142
+380990865868
+380734818446
+380934859567
+380967202773
+380987460829
+380503236280
+380666693323
+380960613945
+380509958262
+380974054142
+380990865868
+380734818446
+380677931024
+380664960199
+380637306151
+380577529738
+380677931024
+380664960199
+380637306151
+380577529738
+380675750617
+380577862820
+380974054142
+380990865868
+380734818446
+380934859567
+380967202773
+380987460829
+380503236280
+380666693323
+380960613945
+380509958262
+380974054142
+380990865868
+380734818446
+380677931024
+380664960199
+380637306151
+380577529738
+380677931024
+380664960199
+380637306151
+380577529738
+380675750617
+380577862820
+380974054142
+380990865868
+380734818446
+380934859567
+380967202773
+380987460829
+380503236280
+380666693323
+380960613945
+380509958262
+380974054142
+380990865868
+380734818446
+380677931024
+380664960199
+380637306151
+380577529738
+380677931024
+380664960199
+380637306151
+380577529738
+380934859567
+380967202773
+380987460829
+380503236280
+380666693323
+380960613945
+380509958262
+380974054142
+380990865868
+380734818446
+380677931024
+380664960199
+380637306151
+380577529738
+380677931024
+380664960199
+380637306151
+380577529738
+380675750617
+380577862820
+380974054142
+380990865868
+380734818446
+380934859567
+380967202773
+380987460829
+380503236280
+380666693323
+380960613945
+380509958262
+380974054142
+380990865868
+380734818446
+380677931024
+380664960199
+380637306151
+380577529738
+380677931024
+380664960199
+380637306151
+380577529738
+380675750617
+380577862820
+380974054142
+380990865868
+380734818446
+380934859567
+380967202773
+380987460829
+380503236280
+380666693323
+380960613945
+380509958262
+380974054142
+380990865868
+380734818446
+380677931024
+380664960199
+380637306151
+380577529738
+380677931024
+380664960199
+380637306151
+380577529738
+380675750617
+380577862820
+380974054142
+380990865868
+380734818446
+380934859567
+380967202773
+380987460829
+380503236280
+380666693323
+380960613945
+380509958262
+380974054142
+380990865868
+380734818446
+380677931024
+380664960199
+380637306151
+380577529738
+380677931024
+380664960199
+380637306151
+380577529738
+380675750617
+380577862820
+380974054142
+380990865868
+380734818446
+380934859567
+380967202773
+380987460829
+380503236280
+380666693323
+380960613945
+380509958262
+380974054142
+380990865868
+380734818446
+380677931024
+380664960199
+380637306151
+380577529738
+380677931024
+380664960199
+380637306151
+380577529738
+380675750617
+380577862820
+380974054142
+380990865868
+380734818446
+380934859567
+380967202773
+380987460829
+380503236280
+380666693323
+380960613945
+380509958262
+380974054142
+380990865868
+380734818446
+380677931024
+380664960199
+380637306151
+380577529738
+380677931024
+380664960199
+380637306151
+380577529738
+380675750617
+380577862820
+380974054142
+380990865868
+380734818446
+380934859567
+380967202773
+380987460829
+380503236280
+380666693323
+380960613945
+380509958262
+380974054142
+380990865868
+380734818446
+380677931024
+380664960199
+380637306151
+380577529738
+380677931024
+380664960199
+380637306151
+380577529738
+380675750617
+380577862820
+380974054142
+380990865868
+380734818446
+380934859567
+380967202773
+380987460829
+380503236280
+380666693323
+380960613945
+380509958262
+380974054142
+380990865868
+380734818446
+380677931024
+380664960199
+380637306151
+380577529738
+380677931024
+380664960199
+380637306151
+380577529738
+380675750617
+380577862820
+380974054142
+380990865868
+380734818446
+380934859567
+380967202773
+380987460829
+380503236280
+380666693323
+380960613945
+380509958262
+380974054142
+380990865868
+380734818446
+380677931024
+380664960199
+380637306151
+380577529738
+380677931024
+380664960199
+380637306151
+380577529738
+380675750617
+380577862820
+380974054142
+380990865868
+380734818446
+380934859567
+380967202773
+380987460829
+380503236280
+380666693323
+380960613945
+380509958262
+380974054142
+380990865868
+380734818446
+380677931024
+380664960199
+380637306151
+380577529738
+380677931024
+380664960199
+380637306151
+380577529738
+380675750617
+380577862820
+380974054142
+380990865868
+380734818446
+380934859567
+380967202773
+380987460829
+380503236280
+380666693323
+380960613945
+380509958262
+380974054142
+380990865868
+380734818446
+380677931024
+380664960199
+380637306151
+380577529738
+380677931024
+380664960199
+380637306151
+380577529738
+380675750617
+380577862820
+380974054142
+380990865868
+380734818446
+380934859567
+380967202773
+380987460829
+380503236280
+380666693323
+380960613945
+380509958262
+380974054142
+380990865868
+380734818446
+380677931024
+380664960199
+380637306151
+380577529738
+380677931024
+380664960199
+380637306151
+380577529738
+380675750617
+380577862820
+380974054142
+380990865868
+380734818446
+380934859567
+380967202773
+380987460829
+380503236280
+380666693323
+380960613945
+380509958262
+380974054142
+380990865868
+380734818446
+380677931024
+380664960199
+380637306151
+380577529738
+380677931024
+380664960199
+380637306151
+380577529738
+380675750617
+380577862820
+380974054142
+380990865868
+380734818446
+380934859567
+380967202773
+380987460829
+380503236280
+380666693323
+380960613945
+380509958262
+380974054142
+380990865868
+380734818446
+380677931024
+380664960199
+380637306151
+380577529738
+380677931024
+380664960199
+380637306151
+380577529738
+380675750617
+380577862820
+380974054142
+380990865868
+380734818446
+380934859567
+380967202773
+380987460829
+380503236280
+380666693323
+380960613945
+380509958262
+380974054142
+380990865868
+380734818446
+380677931024
+380664960199
+380637306151
+380577529738
+380677931024
+380664960199
+380637306151
+380577529738
+380675750617
+380577862820
+380974054142
+380990865868
+380734818446
+380934859567
+380967202773
+380987460829
+380503236280
+380666693323
+380960613945
+380509958262
+380974054142
+380990865868
+380734818446
+380677931024
+380664960199
+380637306151
+380577529738
+380677931024
+380664960199
+380637306151
+380577529738
+380675750617
+380577862820
+380974054142
+380990865868
+380734818446
+380934859567
+380967202773
+380987460829
+380503236280
+380666693323
+380960613945
+380509958262
+380974054142
+380990865868
+380734818446
+380677931024
+380664960199
+380637306151
+380577529738
+380677931024
+380664960199
+380637306151
+380577529738
+380675750617
+380577862820
+380974054142
+380990865868
+380734818446
+380934859567
+380967202773
+380987460829
+380503236280
+380666693323
+380960613945
+380509958262
+380974054142
+380990865868
+380734818446
+380677931024
+380664960199
+380637306151
+380577529738
+380677931024
+380664960199
+380637306151
+380577529738
+380675750617
+380577862820
+380974054142
+380990865868
+380734818446
+380934859567
+380967202773
+380987460829
+380503236280
+380666693323
+380960613945
+380509958262
+380974054142
+380990865868
+380734818446
+380677931024
+380664960199
+380637306151
+380577529738
+380677931024
+380664960199
+380637306151
+380577529738
+380675750617
+380577862820
+380974054142
+380990865868
+380734818446
+380934859567
+380967202773
+380987460829
+380503236280
+380666693323
+380960613945
+380509958262
+380974054142
+380990865868
+380734818446
+380677931024
+380664960199
+380637306151
+380577529738
+380677931024
+380664960199
+380637306151
+380577529738
+380675750617
+380577862820
+380974054142
+380990865868
+380734818446
+380934859567
+380967202773
+380987460829
+380503236280
+380666693323
+380960613945
+380509958262
+380974054142
+380990865868
+380734818446
+380677931024
+380664960199
+380637306151
+380577529738
+380677931024
+380664960199
+380637306151
+380577529738
+380675750617
+380577862820
+380974054142
+380990865868
+380734818446
+380934859567
+380967202773
+380987460829
+380503236280
+380666693323
+380974054142
+380990865868
+380734818446
+380934859567
+380632242506
+380500188121
+380937321317
+380632242506
+380500188121
+380937321317
+380632242506
+380500188121
+380937321317
+380632242506
+380500188121
+380937321317
+380632242506
+380500188121
+380937321317
+380632242506
+380500188121
+380937321317
+380632242506
+380500188121
+380937321317
+380632242506
+380500188121
+380937321317
+380974054142
+380990865868
+380734818446
+380632242506
+380500188121
+380937321317
+380684200708
+380934497150
+380996665808
+380506346433
+380632819454
+380679116313
+380661874286
+380991670032
+380954699435
+380632242506
+380500188121
+380937321317
+380972419005
+380999360190
+380979509407
+380634261216
+380660433978
+380635775093
+380507060240
+380506391477
+380973751171
+380950903327
+380999360190
+380575834584
+380508088148
+380508088148
+380508088148
+380675762990
+380661138058
+380577510567
+380661725412
+380661725412
+380661725412
+380661725412
+380575834584
+380575834584
+380661725412
+380661725412
+380671899444
+380671899444
+380930800594
+380958120493
+380930800594
+380958120493
+380930800594
+380958120493
+380930800594
+380958120493
+380661725412
+380575834584
+380575834584
+380575834584
+380575834584
+380575834584
+380575834584
+380575834584
+380575834584
+380575834584
+380930800594
+380958120493
+380575834584
+380575834584
+380575834584
+380575834584
+380575834584
+380575834584
+380575834584
+380575834584
+380932142599
+380509717948
+380973905880
+380502813121
+380973905880
+380575834584
+380575834584
+380575834584
+380575834584
+380575834584
+380577033131
+380675794175
+380934833527
+380577732322
+380973905880
+380637613815
+380507649815
+380973905880
+380502813121
+380973905880
+380575834584
+380575834584
+380575834584
+380575834584
+380575834584
+380577033131
+380675794175
+380934833527
+380577732322
+380973905880
+380637613815
+380507649815
+380509470758
+380981535158
+380981535158
+380981535158
+380679116313
+380952203444
+380973751171
+380950903327
+380506339656
+380636253313
+380976098818
+380669564626
+380686023104
+380577582244
+380663746424
+380505224113
+380669564626
+380686023104
+380577582244
+380675749577
+380577594554
+380675749577
+380577594554
+380675749577
+380577594554
+380675749577
+380577594554
+380675749577
+380577594554
+380675749577
+380577594554
+380675749577
+380577594554
+380963422690
+380675749577
+380577594554
+380675749577
+380577594554
+380675749577
+380577594554
+380675749577
+380577594554
+380973232226
+380934711690
+380675749577
+380577594554
+380661725412
+380661725412
+380671899444
+380671899444
+380671899444
+380675794175
+380934833527
+380577732322
+380671899444
+380669137595
+380675794175
+380934833527
+380577732322
+380508088148
+380934803088
+380666886635
+380970079170
+380635183828
+380504035601
+380501015594
+380675733663
+380932449607
+380934711690
+380935431844
+380935431844
+380935431844
+380953911947
+380954124403
+380954124403
+380504035658
+380636211462
+380673977313
+380508474705
+380969446640
+380508474705
+380969446640
+380665288372
+380672610469
+380630479813
+380686601863
+380999364022
+380675770987
+380954326585
+380954326585
+380630479813
+380637534574
+380976698914
+380668377930
+380668377930
+380931924295
+380931924295
+380635711044
+380953479310
+380680880292
+380996444156
+380443613605
+380443613605
+380443613605
+380443613605
+380443613605
+380996438068
+380443613605
+380443613605
+380957487808
+380953288598
+380577507570
+380443613605
+380685193788
+380959165687
+380443613605
+380630282123
+380443613605
+380504011072
+380504011072
+380636087423
+380443613605
+380443613605
+380972419005
+380636087423
+380997512166
+380966457309
+380972419005
+380685193786
+380685193786
+380665451128
+380665451128
+380667337687
+380509499545
+380930800594
+380958120493
+380685193787
+380685193787
+380685193787
+380934492200
+380671942200
+380673578971
+380932956160
+380507779365
+380505000209
+380673937916
+380685198578
+380986943967
+380509499545
+380685193789
+380685193789
+380685193789
+380980837017
+380680644614
+380997512166
+380966457309
+380632803676
+380443613605
+380669573191
+380636655833
+380669573191
+380636655833
+380669573191
+380636655833
+380686601863
+380988800318
+380961469166
+380951769675
+380973823698
+380956849972
+380443613605
+380668785569
+380983612564
+380972405098
+380938932614
+380660696215
+380974462450
+380673578971
+380932956160
+380673949444
+380997199519
+380955560040
+380971261246
+380997199519
+380669289392
+380669289392
+380685326397
+380991852351
+380991852351
+380662600385
+380680802729
+380981941655
+380504000290
+380662600385
+380680802729
+380997199519
+380955843642
+380731540520
+380954065957
+380979504696
+380506611757
+380506611757
+380504002979
+380675750617
+380577862820
+380934255065
+380950079276
+380664903432
+380575834584
+380575834584
+380575834584
+380997251997
+380575834584
+380575834584
+380508160446
+380575834584
+380677082121
+380672902906
+380934807368
+380969669147
+380638232154
+380668040142
+380676047488
+380662249569
+380660068263
+380939000675
+380577512958
+380503007089
+380504007134
+380997871804
+380635711070
+380575834584
+380989681006
+380667513162
+380503132579
+380630587233
+380975529639
+380667129611
+380667129611
+380667129611
+380509559701
+380509559701
+380686079148
+380990299967
+380666877753
+380957013528
+380952859470
+380932757765
+380957327052
+380577516195
+380999719150
+380978345942
+380954326585
+380508603785
+380662527912
+380939890447
+380976307266
+380935576630
+380677082121
+380937715472
+380937715472
+380675716457
+380982519270
+380679567146
+380988206960
+380958803100
+380958803100
+380505711217
+380634022201
+380936631444
+380936631444
+380660205046
+380995237295
+380936506097
+380504145196
+380509536666
+380675709649
+380666819696
+380978027898
+380988709724
+380505760259
+380974647462
+380957487808
+380953288598
+380577507570
+380667224072
+380509863775
+380963422690
+380969329620
+380969329620
+380965164845
+380995237295
+380995237295
+380688857588
+380688857588
+380995237295
+380996444156
+380688857588
+380688857588
+380688857588
+380688857588
+380954463064
+380688857588
+380677931024
+380664960199
+380637306151
+380577529738
+380688857588
+380679210438
+380577808791
+380688857588
+380688857588
+380688857588
+380688857588
+380688857588
+380503876114
+380688857588
+380688857588
+380973957656
+380663535118
+380972921509
+380688857588
+380675714774
+380959303580
+380954124403
+380979701733
+380979701733
+380988913073
+380997893499
+380981912603
+380660433978
+380990661476
+380996554448
+380963239583
+380506630896
+380506630896
+380506630896
+380671206133
+380937319670
+380983674939
+380953472074
+380990661476
+380507304812
+380674158870
+380504887575
+380967610155
+380967610155
+380967610155
+380957132168
+380957132168
+380509136408
+380507304812
+380665670268
+380635927973
+380661189804
+380509028798
+380671645964
+380505101247
+380635308052
+380671645964
+380505101247
+380635308052
+380671645964
+380505101247
+380635308052
+380989822076
+380632962601
+380989822076
+380632962601
+380673578971
+380932956160
+380507779365
+380509499545
+380954519530
+380988281023
+380992932347
+380970189067
+380992932347
+380970189067
+380974366310
+380636568487
+380999755762
+380636568487
+380999755762
+380954124403
+380509499545
+380677482185
+380938931270
+380959203686
+380953215876
+380934846390
+380933007058
+380933007058
+380504028737
+380506013614
+380505129021
+380996268894
+380669097578
+380989418377
+380937590063
+380963331499
+380508748274
+380964087802
+380937877180
+380961455733
+380661189804
+380671899444
+380503005921
+380633561046
+380662156768
+380666968600
+380966048197
+380509499545
+380953221463
+380633351633
+380577619768
+380961581829
+380961581829
+380973545817
+380973545817
+380973545817
+380662082083
+380634907757
+380954233157
+380684200744
+380990578721
+380973469923
+380996157138
+380680204210
+380990365329
+380662491859
+380677638897
+380677638897
+380992820943
+380684200744
+380683137022
+380996290348
+380678373291
+380678373291
+380996290348
+380950762957
+380999549456
+380991911613
+380671715885
+380991259399
+380992820943
+380935431844
+380934532348
+380668585023
+380999585576
+380638515979
+380957487808
+380953288598
+380577507570
+380991259399
+380502974031
+380734819121
+380995648329
+380636612933
+380636658180
+380661910480
+380503002703
+380955387480
+380935464816
+380950631653
+380988169204
+380666968600
+380966048197
+380679947977
+380680892402
+380988169204
+380957487808
+380953288598
+380577507570
+380957487808
+380953288598
+380577507570
+380971826602
+380973988899
+380501886662
+380954197976
+380577562159
+380631659353
+380957487808
+380953288598
+380577507570
+380507779365
+380671899444
+380671899444
+380671899444
+380970944072
+380680892402
+380930800594
+380958120493
+380680892402
+380936648313
+380930800594
+380958120493
+380933602207
+380664153905
+380990389342
+380665804034
+380677228586
+380999666052
+380990578721
+380973469923
+380990578721
+380973469923
+380990578721
+380973469923
+380990578721
+380973469923
+380990578721
+380973469923
+380990578721
+380973469923
+380950007143
+380982038045
+380636777653
+380952203509
+380509566310
+380636087423
+380994579838
+380577506211
+380954896689
+380953270634
+380937882831
+380992264045
+380997467007
+380675635588
+380950007143
+380982038045
+380671464185
+380973137274
+380503021072
+380981277555
+380932757583
+380577583492
+380989777748
+380984084533
+380664445488
+380957487808
+380953288598
+380577507570
+380957487808
+380953288598
+380577507570
+380504028080
+380631078106
+380997825645
+380979785815
+380994675771
+380938739017
+380963331499
+380504094099
+380632437409
+380632437409
+380505345350
+380930687371
+380979982831
+380679184846
+380505345350
+380930687371
+380979982831
+380961181682
+380505345350
+380930687371
+380979982831
+380963422690
+380958114612
+380501555897
+380984276096
+380637213999
+380954781576
+380508603785
+380508603785
+380954781576
+380997491914
+380666277706
+380508160446
+380963422690
+380504022099
+380992846665
+380992846665
+380963398818
+380677352070
+380677352070
+380969329620
+380975657425
+380980051769
+380956110000
+380973533821
+380954367101
+380999318710
+380966536202
+380950007143
+380982038045
+380980051769
+380956110000
+380973533821
+380954367101
+380999318710
+380980051769
+380956110000
+380973533821
+380954367101
+380999318710
+380980051769
+380956110000
+380973533821
+380954367101
+380999318710
+380990578721
+380973469923
+380990578721
+380973469923
+380990578721
+380973469923
+380990578721
+380973469923
+380990578721
+380973469923
+380950007143
+380982038045
+380990578721
+380973469923
+380990578721
+380973469923
+380990578721
+380973469923
+380990578721
+380973469923
+380990578721
+380973469923
+380990578721
+380973469923
+380939443564
+380662082084
+380671899444
+380990578721
+380973469923
+380662082083
+380960606331
+380991298280
+380671301034
+380980051769
+380956110000
+380973533821
+380954367101
+380999318710
+380980051769
+380956110000
+380973533821
+380954367101
+380999318710
+380980051769
+380956110000
+380973533821
+380954367101
+380999318710
+380980051769
+380956110000
+380973533821
+380954367101
+380999318710
+380980051769
+380956110000
+380973533821
+380954367101
+380999318710
+380978926843
+380671899444
+380734643247
+380988547858
+380667559212
+380988547858
+380667559212
+380988547858
+380667559212
+380503007089
+380504007134
+380503007089
+380504007134
+380958277553
+380990447791
+380964487748
+380978920007
+380990407356
+380505928887
+380938907053
+380667575007
+380678522393
+380968628170
+380665982333
+380997714586
+380964923181
+380953268415
+380956065153
+380988903760
+380988903760
+380988903760
+380999010705
+380632348278
+380509175964
+380632348278
+380673949444
+380501339935
+380669093180
+380687484364
+380504014015
+380931803290
+380675724199
+380675724199
+380675724199
+380953614345
+380686148664
+380503059328
+380502174640
+380993219257
+380957939467
+380503033232
+380503270880
+380509582382
+380680647390
+380683137013
+380931461469
+380666147606
+380673949444
+380962499852
+380507163708
+380507779365
+380505559337
+380661136681
+380955781313
+380933110508
+380991272657
+380988023678
+380505177792
+380973379011
+380990907713
+380933202728
+380953045401
+380663380014
+380674576230
+380501877087
+380955781313
+380933110508
+380577002349
+380675749577
+380577594554
+380960308505
+380964076540
+380957487808
+380953288598
+380577507570
+380633790923
+380956081554
+380931549063
+380975301764
+380507413036
+380507413036
+380507413036
+380504998877
+380672608370
+380667714775
+380688857588
+380672918097
+380931900290
+380953068372
+380577628469
+380950924892
+380678315768
+380680763253
+380636216172
+380997830047
+380680763253
+380636216172
+380987672399
+380997830047
+380987672399
+380975046192
+380503039595
+380577567282
+380500101987
+380675777351
+380951482234
+380934905351
+380951482234
+380934905351
+380939217823
+380980051769
+380956110000
+380973533821
+380954367101
+380999318710
+380978544179
+380577567282
+380500101987
+380675777351
+380951482234
+380934905351
+380951482234
+380934905351
+380939217823
+380980051769
+380956110000
+380973533821
+380954367101
+380999318710
+380978544179
+380577567282
+380577567282
+380500101987
+380675777351
+380951482234
+380934905351
+380951482234
+380934905351
+380939217823
+380980051769
+380956110000
+380973533821
+380954367101
+380999318710
+380978544179
+380577567282
+380577567282
+380500101987
+380675777351
+380951482234
+380934905351
+380951482234
+380934905351
+380939217823
+380980051769
+380956110000
+380973533821
+380954367101
+380999318710
+380978544179
+380577567282
+380577567282
+380500101987
+380675777351
+380951482234
+380934905351
+380951482234
+380934905351
+380939217823
+380980051769
+380956110000
+380973533821
+380954367101
+380999318710
+380978544179
+380577567282
+380577567282
+380500101987
+380675777351
+380951482234
+380934905351
+380951482234
+380934905351
+380939217823
+380980051769
+380956110000
+380973533821
+380954367101
+380999318710
+380978544179
+380577567282
+380577567282
+380500101987
+380675777351
+380951482234
+380934905351
+380951482234
+380934905351
+380939217823
+380980051769
+380956110000
+380973533821
+380954367101
+380999318710
+380978544179
+380577567282
+380577567282
+380500101987
+380675777351
+380951482234
+380934905351
+380951482234
+380934905351
+380939217823
+380980051769
+380956110000
+380973533821
+380954367101
+380999318710
+380978544179
+380577567282
+380577567282
+380500101987
+380675777351
+380951482234
+380934905351
+380951482234
+380934905351
+380939217823
+380980051769
+380956110000
+380973533821
+380954367101
+380999318710
+380978544179
+380577567282
+380577567282
+380500101987
+380675777351
+380951482234
+380934905351
+380951482234
+380934905351
+380939217823
+380980051769
+380956110000
+380973533821
+380954367101
+380999318710
+380978544179
+380577567282
+380577567282
+380500101987
+380675777351
+380951482234
+380934905351
+380951482234
+380934905351
+380939217823
+380980051769
+380956110000
+380973533821
+380954367101
+380999318710
+380978544179
+380577567282
+380577567282
+380500101987
+380675777351
+380951482234
+380934905351
+380980051769
+380956110000
+380973533821
+380954367101
+380999318710
+380952100047
+380994579838
+380577506211
+380988106810
+380936691998
+380990913199
+380984376456
+380984376456
+380963911384
+380963911384
+380508536469
+380935743874
+380675704900
+380637630873
+380505451849
+380682487208
+380969235707
+380633884318
+380500673500
+380662527912
+380939890447
+380976307266
+380674900711
+380674900711
+380951462309
+380679909614
+380661632095
+380956189536
+380679133384
+380939419256
+380956189536
+380679133384
+380939419256
+380660367585
+380509566310
+380636087423
+380994579838
+380577506211
+380954896689
+380953270634
+380937882831
+380992264045
+380997467007
+380675635588
+380989777748
+380509566310
+380973137274
+380503021072
+380981277555
+380932757583
+380577583492
+380671464185
+380984084533
+380984084533
+380984084533
+380984084533
+380984084533
+380984084533
+380984084533
+380984084533
+380984084533
+380984084533
+380984084533
+380984084533
+380984084533
+380984084533
+380984084533
+380984084533
+380984084533
+380984084533
+380984084533
+380984084533
+380984084533
+380984084533
+380984084533
+380984084533
+380984084533
+380984084533
+380984084533
+380501555897
+380984276096
+380637213999
+380954781576
+380508603785
+380508603785
+380954781576
+380997491914
+380666277706
+380508160446
+380966536202
+380501555897
+380992846665
+380992846665
+380963398818
+380677352070
+380677352070
+380969329620
+380975657425
+380980051769
+380956110000
+380973533821
+380954367101
+380999318710
+380950007143
+380982038045
+380504022099
+380980051769
+380956110000
+380973533821
+380954367101
+380999318710
+380980051769
+380956110000
+380973533821
+380954367101
+380999318710
+380980051769
+380956110000
+380973533821
+380954367101
+380999318710
+380990578721
+380973469923
+380990578721
+380973469923
+380990578721
+380973469923
+380990578721
+380973469923
+380990578721
+380973469923
+380990578721
+380973469923
+380950007143
+380982038045
+380990578721
+380973469923
+380990578721
+380973469923
+380990578721
+380973469923
+380990578721
+380973469923
+380990578721
+380973469923
+380939443564
+380662082084
+380671899444
+380671899444
+380990578721
+380973469923
+380960606331
+380991298280
+380671301034
+380980051769
+380956110000
+380973533821
+380954367101
+380999318710
+380980051769
+380956110000
+380973533821
+380954367101
+380999318710
+380980051769
+380956110000
+380973533821
+380954367101
+380999318710
+380980051769
+380956110000
+380973533821
+380954367101
+380999318710
+380980051769
+380956110000
+380973533821
+380954367101
+380999318710
+380978926843
+380958277553
+380662082083
+380988547858
+380667559212
+380988547858
+380667559212
+380988547858
+380667559212
+380503007089
+380504007134
+380503007089
+380504007134
+380734643247
+380990447791
+380964487748
+380956065153
+380978920007
+380990407356
+380505928887
+380938907053
+380667575007
+380678522393
+380968628170
+380665982333
+380997714586
+380964923181
+380953268415
+380669093180
+380978920007
+380988903760
+380988903760
+380999010705
+380632348278
+380509175964
+380632348278
+380673949444
+380501339935
+380988903760
+380687484364
+380504014015
+380931803290
+380675724199
+380675724199
+380675724199
+380953614345
+380666147606
+380503059328
+380502174640
+380993219257
+380957939467
+380503033232
+380503270880
+380509582382
+380680647390
+380683137013
+380931461469
+380686148664
+380673949444
+380962499852
+380507163708
+380507779365
+380505559337
+380661136681
+380955781313
+380933110508
+380991272657
+380988023678
+380505177792
+380973379011
+380990907713
+380933202728
+380953045401
+380663380014
+380674576230
+380501877087
+380960308505
+380991272657
+380675749577
+380577594554
+380577002349
+380964076540
+380672918097
+380931900290
+380633790923
+380956081554
+380931549063
+380975301764
+380507413036
+380507413036
+380507413036
+380504998877
+380672608370
+380667714775
+380688857588
+380503039595
+380957487808
+380953288598
+380577507570
+380950924892
+380678315768
+380680763253
+380636216172
+380997830047
+380680763253
+380636216172
+380987672399
+380997830047
+380987672399
+380975046192
+380577567282
+380953068372
+380577628469
+380500101987
+380675777351
+380951482234
+380934905351
+380951482234
+380934905351
+380939217823
+380980051769
+380956110000
+380973533821
+380954367101
+380999318710
+380978544179
+380577567282
+380952100047
+380994579838
+380577506211
+380988106810
+380936691998
+380990913199
+380984376456
+380502750479
+380963911384
+380508536469
+380935743874
+380980051769
+380956110000
+380973533821
+380954367101
+380999318710
+380963911384
+380679909614
+380661632095
+380637630873
+380505451849
+380682487208
+380969235707
+380633884318
+380500673500
+380662527912
+380939890447
+380976307266
+380674900711
+380674900711
+380951462309
+380679555331
+380675704900
+380956189536
+380679133384
+380939419256
+380956189536
+380679133384
+380939419256
+380660367585
+380679555331
+380937882831
+380675245983
+380506332003
+380502281700
+380679626271
+380660866185
+380577568873
+380954419690
+380930279556
+380675245983
+380503276787
+380734829054
+380665342004
+380981527141
+380661590375
+380734420517
+380956970134
+380932032815
+380661502008
+380935345583
+380675744069
+380932628692
+380966239484
+380997560370
+380630242629
+380997560370
+380630242629
+380990578721
+380973469923
+380990578721
+380973469923
+380990578721
+380973469923
+380990578721
+380973469923
+380990578721
+380973469923
+380990578721
+380973469923
+380990578721
+380973469923
+380932628692
+380990578721
+380973469923
+380990578721
+380973469923
+380990578721
+380973469923
+380990578721
+380973469923
+380997560370
+380630242629
+380937181317
+380970028127
+380990578721
+380973469923
+380939405078
+380990973852
+380679165271
+380957487808
+380953288598
+380577507570
+380957487808
+380953288598
+380577507570
+380509076856
+380988493199
+380976895100
+380508424075
+380956619866
+380997819638
+380675730221
+380973787238
+380503238309
+380686032759
+380632198531
+380660225232
+380937509521
+380680768231
+380504062522
+380508424075
+380933447519
+380933447519
+380507006532
+380663567528
+380663567528
+380991214898
+380935660040
+380991214898
+380935660040
+380508667205
+380677277209
+380508667205
+380677277209
+380677225918
+380577596849
+380675762990
+380661138058
+380577510567
+380665239454
+380680028831
+380954073833
+380954970934
+380991019877
+380668831799
+380508555048
+380683311828
+380968230108
+380979502069
+380639581885
+380978660656
+380979489979
+380633473399
+380507498307
+380671237766
+380506794657
+380958463570
+380631655150
+380976286073
+380993152963
+380968230108
+380973524377
+380678138149
+380502857769
+380936330804
+380980051769
+380956110000
+380973533821
+380954367101
+380999318710
+380971992206
+380668800009
+380953185176
+380506436102
+380976286073
+380661161886
+380999598473
+380955625968
+380990754513
+380661891870
+380577517670
+380661891870
+380577517670
+380661891870
+380577517670
+380501537598
+380677931024
+380664960199
+380637306151
+380577529738
+380934082950
+380973297329
+380937455111
+380952498759
+380958951372
+380502300156
+380577002349
+380682595825
+380996158414
+380961465468
+380501957452
+380934082950
+380973297329
+380664541667
+380995180385
+380502727552
+380508088148
+380502727552
+380508088148
+380508088148
+380508088148
+380508088148
+380684422852
+380677947533
+380939156505
+380937614742
+380677947533
+380939156505
+380971679092
+380664541667
+380961148574
+380639581885
+380509417089
+380953145423
+380953145785
+380685133606
+380999554001
+380664302474
+380665862868
+380503007171
+380990812696
+380637480250
+380672704200
+380632384655
+380672704200
+380676853660
+380990144649
+380507212315
+380663892499
+380976800996
+380989650095
+380989650095
+380636638576
+380684200708
+380968519976
+380935723711
+380504024375
+380936402006
+380983562108
+380504024375
+380936402006
+380983562108
+380503250381
+380734821979
+380988542138
+380958192081
+380958192081
+380957232752
+380990578721
+380973469923
+380990578721
+380973469923
+380990578721
+380973469923
+380919383410
+380990578721
+380973469923
+380932622705
+380983934158
+380990578721
+380973469923
+380990578721
+380973469923
+380990578721
+380973469923
+380975346865
+380975346865
+380990578721
+380973469923
+380990578721
+380973469923
+380958277553
+380669404631
+380990578721
+380973469923
+380991096033
+380935345583
+380675744069
+380991096033
+380935345583
+380675744069
+380668674522
+380668674522
+380668674522
+380668674522
+380668674522
+380676834803
+380990578702
+380668674522
+380668674522
+380668674522
+380997356747
+380663841713
+380663841713
+380663841713
+380503563519
+380444961149
+380931219790
+380668674522
+380959054383
+380962003599
+380937749098
+380506636353
+380677754747
+380936795305
+380501009977
+380501009977
+380505928887
+380938907053
+380990268513
+380505928887
+380938907053
+380683149819
+380957014486
+380635767122
+380964751373
+380503056886
+380993246306
+380506445553
+380965788287
+380504002979
+380504002979
+380675741522
+380636952471
+380675794407
+380675794407
+380993457666
+380975614653
+380673870282
+380961691728
+380503640828
+380963278249
+380931019572
+380937012112
+380503563519
+380444961149
+380503563519
+380444961149
+380503005450
+380577174777
+380953625818
+380508728180
+380671895452
+380671895452
+380958022840
+380675762862
+380937210259
+380577554327
+380503029548
+380503029548
+380972263889
+380639440053
+380951773077
+380988179289
+380972570107
+380960302798
+380675724545
+380675724545
+380983588913
+380505248494
+380662263189
+380689200901
+380951433583
+380960815672
+380675724545
+380504000964
+380503020157
+380666780066
+380633681115
+380938465458
+380631074414
+380577553420
+380972570107
+380507304812
+380507304812
+380505266146
+380974580819
+380675728785
+380935669607
+380577597978
+380674515896
+380684608800
+380504608800
+380684608800
+380504608800
+380684608800
+380504608800
+380500513469
+380965989941
+380956245745
+380965989941
+380956245745
+380679414044
+380679414044
+380504635956
+380684608800
+380504608800
+380631274141
+380631274141
+380978434308
+380959186472
+380958297760
+380503005450
+380577174777
+380503005450
+380577174777
+380503005450
+380577174777
+380575834584
+380632578585
+380501745732
+380974313105
+380974313105
+380933746428
+380506193874
+380660720668
+380634813469
+380671597772
+380507304812
+380637610670
+380662263189
+380689200901
+380662263189
+380689200901
+380974580824
+380935114580
+380990198002
+380508530854
+380938120723
+380980581557
+380508010880
+380504009199
+380660481213
+380661613002
+380957487808
+380953288598
+380577507570
+380509015227
+380665502028
+380960661964
+380660001967
+380957487808
+380953288598
+380577507570
+380504001203
+380575834584
+380575834584
+380660980602
+380680658219
+380951193951
+380664046267
+380936033044
+380973995724
+380661881750
+380934129255
+380935002383
+380509551706
+380954111336
+380966533120
+380975946882
+380675720575
+380688889865
+380663681118
+380932944822
+380935502579
+380935454104
+380974700440
+380674188400
+380443613605
+380443613605
+380509551706
+380443613605
+380957232752
+380443613605
+380443613605
+380443613605
+380443613605
+380443613605
+380507649815
+380633773899
+380993534912
+380443613605
+380443613605
+380443613605
+380443613605
+380443613605
+380976782551
+380976782551
+380932027407
+380500229220
+380997680338
+380973362739
+380506858312
+380680652141
+380960254618
+380680796907
+380959066815
+380957487808
+380953288598
+380577507570
+380663342284
+380930503444
+380660905622
+380964172946
+380968230108
+380997680338
+380958085390
+380951462309
+380955790603
+380991005530
+380683171868
+380501998729
+380957487808
+380953288598
+380577507570
+380979494692
+380639996420
+380671632404
+380979494692
+380639996420
+380667792220
+380504005220
+380936617498
+380937616608
+380995157625
+380639551519
+380666199131
+380509322369
+380661737408
+380979494692
+380975819683
+380996134295
+380983945390
+380930573197
+380997890947
+380956189536
+380679133384
+380939419256
+380504022827
+380962350607
+380637548686
+380634132432
+380675245983
+380500277686
+380966239484
+380507460860
+380506205557
+380680761832
+380964725413
+380509246120
+380677093227
+380936782851
+380662860742
+380979683753
+380999658310
+380934377305
+380506898519
+380960304730
+380984181079
+380577001674
+380676973802
+380962434255
+380635231540
+380999691035
+380505000209
+380669093180
+380662860742
+380932863274
+380509954614
+380507870430
+380500309857
+380504023499
+380679430523
+380661338144
+380930901637
+380662733924
+380634851676
+380630722558
+380675790855
+380955070309
+380666962276
+380686061274
+380999401735
+380634992309
+380978267442
+380503018895
+380979292832
+380990577769
+380675245983
+380504030919
+380936716598
+380985692034
+380504740127
+380575834584
+380575834584
+380575834584
+380991460884
+380575834584
+380575834584
+380575834584
+380575834584
+380575834584
+380575834584
+380575834584
+380990578721
+380973469923
+380990578721
+380973469923
+380575834584
+380990578721
+380973469923
+380970200758
+380993711864
+380675371331
+380635215599
+380667582219
+380969691212
+380957264314
+380663722765
+380636292335
+380503007089
+380504007134
+380993607419
+380939245657
+380990578721
+380973469923
+380635633664
+380930562961
+380975685227
+380932739745
+380661067012
+380504026669
+380504025786
+380993106261
+380959020085
+380677482082
+380979356155
+380956895413
+380934556651
+380973890669
+380939488540
+380631998115
+380978245551
+380972371997
+380660139385
+380999445413
+380509182102
+380677612561
+380501327685
+380974202165
+380509049440
+380990541262
+380662484869
+380669507354
+380660279180
+380955616463
+380671935383
+380934052670
+380993235833
+380506887295
+380974202165
